

Reranking method: permutation_pipeline
Fetching websites...
Initial shuffle:
[1, 2, 3, 4, 5, 6, 7, 8, 9, 10, 11, 12, 13, 14, 15, 16, 17, 18, 19, 20, 21, 22, 23, 24, 25, 26, 27, 28, 29, 30, 31, 32, 33, 34, 35, 36, 37, 38, 39, 40, 41, 42, 43, 44, 45, 46, 47, 48, 49, 50, 51, 52, 53, 54, 55, 56, 57, 58, 59, 60, 61, 62, 63, 64, 65, 66, 67, 68, 69, 70, 71, 72, 73, 74, 75, 76, 110, 78, 79, 80, 81, 82, 97, 98, 99, 100, 96, 88, 93, 90, 92, 92, 93, 94, 95, 96, 97, 98, 99, 100, 101, 102, 103, 104, 105, 106, 107, 108, 109, 110, 111, 112, 113, 114, 115, 116, 117, 118, 119, 120, 121, 122, 123, 124, 125, 126, 127, 128, 129, 130, 131, 132, 133, 134, 135, 136, 137, 138, 139, 140, 141, 142, 143, 144, 145, 146, 147, 148, 149, 150, 151, 152, 153, 154, 155, 156, 157, 158, 159, 160, 161, 162, 163, 164, 165, 166, 167, 168, 169, 170, 171, 172, 184, 185, 186, 188, 189, 190, 191, 192, 193, 194, 195, 184, 185, 186, 187, 188, 189, 190, 191, 192, 193, 194, 195, 196, 197, 198, 199, 200]

reranking iteration 0
reranking iteration 1
reranking iteration 2
reranking iteration 3
reranking iteration 4
reranking iteration 5
reranking iteration 6
reranking iteration 7
reranking iteration 8
reranking iteration 9
reranking iteration 10
reranking iteration 11
reranking iteration 12
reranking iteration 13
reranking iteration 14
reranking iteration 15
reranking iteration 16
reranking iteration 17
reranking iteration 18
reranking iteration 19
reranking iteration 20
reranking iteration 21
reranking iteration 22
reranking iteration 23
reranking iteration 24
iteration 0:
prediction ranks:  [1, 2, 3, 4, 5, 6, 7, 8, 9, 10]
NDCG@1: 1.0
NDCG@3: 1.0
NDCG@5: 1.0
NDCG@10: 1.0
results:  {'ndcg_1_results': [1.0], 'ndcg_3_results': [1.0], 'ndcg_5_results': [1.0], 'ndcg_10_results': [1.0]}
iteration 1:
prediction ranks:  [190, 145, 171, 161, 157, 156, 152, 148, 144, 138]
NDCG@1: 1.2732289258503896e-57
NDCG@3: 1.964079056899762e-44
NDCG@5: 1.8634714160727846e-44
NDCG@10: 1.1152125055662958e-42
results:  {'ndcg_1_results': [1.0, 1.2732289258503896e-57], 'ndcg_3_results': [1.0, 1.964079056899762e-44], 'ndcg_5_results': [1.0, 1.8634714160727846e-44], 'ndcg_10_results': [1.0, 1.1152125055662958e-42]}
iteration 2:
prediction ranks:  [190, 191, 192, 193, 194, 195, 188, 189, 186, 187]
NDCG@1: 1.2732289258503896e-57
NDCG@3: 1.272632344351415e-57
NDCG@5: 1.2720568578445359e-57
NDCG@10: 8.793186500069964e-57
results:  {'ndcg_1_results': [1.0, 1.2732289258503896e-57, 1.2732289258503896e-57], 'ndcg_3_results': [1.0, 1.964079056899762e-44, 1.272632344351415e-57], 'ndcg_5_results': [1.0, 1.8634714160727846e-44, 1.2720568578445359e-57], 'ndcg_10_results': [1.0, 1.1152125055662958e-42, 8.793186500069964e-57]}
iteration 3:
prediction ranks:  [131, 96, 48, 9, 2, 51, 97, 146, 158, 188]
NDCG@1: 7.346839692639297e-40
NDCG@3: 2.4663660572745694e-15
NDCG@5: 0.12848968930107482
NDCG@10: 0.12677444347686354
results:  {'ndcg_1_results': [1.0, 1.2732289258503896e-57, 1.2732289258503896e-57, 7.346839692639297e-40], 'ndcg_3_results': [1.0, 1.964079056899762e-44, 1.272632344351415e-57, 2.4663660572745694e-15], 'ndcg_5_results': [1.0, 1.8634714160727846e-44, 1.2720568578445359e-57, 0.12848968930107482], 'ndcg_10_results': [1.0, 1.1152125055662958e-42, 8.793186500069964e-57, 0.12677444347686354]}
iteration 4:
prediction ranks:  [88, 114, 50, 34, 103, 69, 56, 23, 200, 10]
NDCG@1: 6.462348535570529e-27
NDCG@3: 6.165915143231259e-16
NDCG@5: 3.301875077787844e-11
NDCG@10: 0.000366891948717311
results:  {'ndcg_1_results': [1.0, 1.2732289258503896e-57, 1.2732289258503896e-57, 7.346839692639297e-40, 6.462348535570529e-27], 'ndcg_3_results': [1.0, 1.964079056899762e-44, 1.272632344351415e-57, 2.4663660572745694e-15, 6.165915143231259e-16], 'ndcg_5_results': [1.0, 1.8634714160727846e-44, 1.2720568578445359e-57, 0.12848968930107482, 3.301875077787844e-11], 'ndcg_10_results': [1.0, 1.1152125055662958e-42, 8.793186500069964e-57, 0.12677444347686354, 0.000366891948717311]}
iteration 5:
prediction ranks:  [132, 130, 128, 127, 126, 124, 123, 122, 120, 119]
NDCG@1: 3.6734198463196485e-40
NDCG@3: 2.938735877055719e-39
NDCG@5: 1.2111201662300024e-38
NDCG@10: 1.0110691659250275e-36
results:  {'ndcg_1_results': [1.0, 1.2732289258503896e-57, 1.2732289258503896e-57, 7.346839692639297e-40, 6.462348535570529e-27, 3.6734198463196485e-40], 'ndcg_3_results': [1.0, 1.964079056899762e-44, 1.272632344351415e-57, 2.4663660572745694e-15, 6.165915143231259e-16, 2.938735877055719e-39], 'ndcg_5_results': [1.0, 1.8634714160727846e-44, 1.2720568578445359e-57, 0.12848968930107482, 3.301875077787844e-11, 1.2111201662300024e-38], 'ndcg_10_results': [1.0, 1.1152125055662958e-42, 8.793186500069964e-57, 0.12677444347686354, 0.000366891948717311, 1.0110691659250275e-36]}
iteration 6:
prediction ranks:  [1, 5, 20, 53, 18, 14, 13, 33, 55, 93]
NDCG@1: 1.0
NDCG@3: 0.7215962568916908
NDCG@5: 0.6845256815786815
NDCG@10: 0.6754688824476133
results:  {'ndcg_1_results': [1.0, 1.2732289258503896e-57, 1.2732289258503896e-57, 7.346839692639297e-40, 6.462348535570529e-27, 3.6734198463196485e-40, 1.0], 'ndcg_3_results': [1.0, 1.964079056899762e-44, 1.272632344351415e-57, 2.4663660572745694e-15, 6.165915143231259e-16, 2.938735877055719e-39, 0.7215962568916908], 'ndcg_5_results': [1.0, 1.8634714160727846e-44, 1.2720568578445359e-57, 0.12848968930107482, 3.301875077787844e-11, 1.2111201662300024e-38, 0.6845256815786815], 'ndcg_10_results': [1.0, 1.1152125055662958e-42, 8.793186500069964e-57, 0.12677444347686354, 0.000366891948717311, 1.0110691659250275e-36, 0.6754688824476133]}
iteration 7:
prediction ranks:  [49, 42, 46, 36, 38, 39, 41, 35, 45, 43]
NDCG@1: 3.552713678800501e-15
NDCG@3: 2.115131075642281e-13
NDCG@5: 1.0308836852964704e-11
NDCG@10: 2.3195298291614917e-11
results:  {'ndcg_1_results': [1.0, 1.2732289258503896e-57, 1.2732289258503896e-57, 7.346839692639297e-40, 6.462348535570529e-27, 3.6734198463196485e-40, 1.0, 3.552713678800501e-15], 'ndcg_3_results': [1.0, 1.964079056899762e-44, 1.272632344351415e-57, 2.4663660572745694e-15, 6.165915143231259e-16, 2.938735877055719e-39, 0.7215962568916908, 2.115131075642281e-13], 'ndcg_5_results': [1.0, 1.8634714160727846e-44, 1.2720568578445359e-57, 0.12848968930107482, 3.301875077787844e-11, 1.2111201662300024e-38, 0.6845256815786815, 1.0308836852964704e-11], 'ndcg_10_results': [1.0, 1.1152125055662958e-42, 8.793186500069964e-57, 0.12677444347686354, 0.000366891948717311, 1.0110691659250275e-36, 0.6754688824476133, 2.3195298291614917e-11]}
iteration 8:
prediction ranks:  [32, 16, 8, 3, 197, 199, 7, 21, 31, 40]
NDCG@1: 4.656612873077393e-10
NDCG@3: 0.002725165310845143
NDCG@5: 0.07349112929230926
NDCG@10: 0.07589445321470667
results:  {'ndcg_1_results': [1.0, 1.2732289258503896e-57, 1.2732289258503896e-57, 7.346839692639297e-40, 6.462348535570529e-27, 3.6734198463196485e-40, 1.0, 3.552713678800501e-15, 4.656612873077393e-10], 'ndcg_3_results': [1.0, 1.964079056899762e-44, 1.272632344351415e-57, 2.4663660572745694e-15, 6.165915143231259e-16, 2.938735877055719e-39, 0.7215962568916908, 2.115131075642281e-13, 0.002725165310845143], 'ndcg_5_results': [1.0, 1.8634714160727846e-44, 1.2720568578445359e-57, 0.12848968930107482, 3.301875077787844e-11, 1.2111201662300024e-38, 0.6845256815786815, 1.0308836852964704e-11, 0.07349112929230926], 'ndcg_10_results': [1.0, 1.1152125055662958e-42, 8.793186500069964e-57, 0.12677444347686354, 0.000366891948717311, 1.0110691659250275e-36, 0.6754688824476133, 2.3195298291614917e-11, 0.07589445321470667]}
iteration 9:
prediction ranks:  [30, 27, 26, 22, 15, 12, 11, 6, 196, 198]
NDCG@1: 1.862645149230957e-09
NDCG@3: 1.8164547240768035e-08
NDCG@5: 1.5702007856765107e-05
NDCG@10: 0.006745560888152673
results:  {'ndcg_1_results': [1.0, 1.2732289258503896e-57, 1.2732289258503896e-57, 7.346839692639297e-40, 6.462348535570529e-27, 3.6734198463196485e-40, 1.0, 3.552713678800501e-15, 4.656612873077393e-10, 1.862645149230957e-09], 'ndcg_3_results': [1.0, 1.964079056899762e-44, 1.272632344351415e-57, 2.4663660572745694e-15, 6.165915143231259e-16, 2.938735877055719e-39, 0.7215962568916908, 2.115131075642281e-13, 0.002725165310845143, 1.8164547240768035e-08], 'ndcg_5_results': [1.0, 1.8634714160727846e-44, 1.2720568578445359e-57, 0.12848968930107482, 3.301875077787844e-11, 1.2111201662300024e-38, 0.6845256815786815, 1.0308836852964704e-11, 0.07349112929230926, 1.5702007856765107e-05], 'ndcg_10_results': [1.0, 1.1152125055662958e-42, 8.793186500069964e-57, 0.12677444347686354, 0.000366891948717311, 1.0110691659250275e-36, 0.6754688824476133, 2.3195298291614917e-11, 0.07589445321470667, 0.006745560888152673]}
iteration 10:
prediction ranks:  [52, 28, 24, 19, 4, 37, 101, 152, 145, 139]
NDCG@1: 4.440892098500626e-16
NDCG@3: 4.464214243317978e-08
NDCG@5: 0.031846570162834216
NDCG@10: 0.0314214411400182
results:  {'ndcg_1_results': [1.0, 1.2732289258503896e-57, 1.2732289258503896e-57, 7.346839692639297e-40, 6.462348535570529e-27, 3.6734198463196485e-40, 1.0, 3.552713678800501e-15, 4.656612873077393e-10, 1.862645149230957e-09, 4.440892098500626e-16], 'ndcg_3_results': [1.0, 1.964079056899762e-44, 1.272632344351415e-57, 2.4663660572745694e-15, 6.165915143231259e-16, 2.938735877055719e-39, 0.7215962568916908, 2.115131075642281e-13, 0.002725165310845143, 1.8164547240768035e-08, 4.464214243317978e-08], 'ndcg_5_results': [1.0, 1.8634714160727846e-44, 1.2720568578445359e-57, 0.12848968930107482, 3.301875077787844e-11, 1.2111201662300024e-38, 0.6845256815786815, 1.0308836852964704e-11, 0.07349112929230926, 1.5702007856765107e-05, 0.031846570162834216], 'ndcg_10_results': [1.0, 1.1152125055662958e-42, 8.793186500069964e-57, 0.12677444347686354, 0.000366891948717311, 1.0110691659250275e-36, 0.6754688824476133, 2.3195298291614917e-11, 0.07589445321470667, 0.006745560888152673, 0.0314214411400182]}
iteration 11:
prediction ranks:  [65, 88, 200, 135, 163, 158, 146, 191, 184, 162]
NDCG@1: 5.421010862427522e-20
NDCG@3: 3.7633762249398473e-20
NDCG@5: 3.570030104739367e-20
NDCG@10: 3.522372745905577e-20
results:  {'ndcg_1_results': [1.0, 1.2732289258503896e-57, 1.2732289258503896e-57, 7.346839692639297e-40, 6.462348535570529e-27, 3.6734198463196485e-40, 1.0, 3.552713678800501e-15, 4.656612873077393e-10, 1.862645149230957e-09, 4.440892098500626e-16, 5.421010862427522e-20], 'ndcg_3_results': [1.0, 1.964079056899762e-44, 1.272632344351415e-57, 2.4663660572745694e-15, 6.165915143231259e-16, 2.938735877055719e-39, 0.7215962568916908, 2.115131075642281e-13, 0.002725165310845143, 1.8164547240768035e-08, 4.464214243317978e-08, 3.7633762249398473e-20], 'ndcg_5_results': [1.0, 1.8634714160727846e-44, 1.2720568578445359e-57, 0.12848968930107482, 3.301875077787844e-11, 1.2111201662300024e-38, 0.6845256815786815, 1.0308836852964704e-11, 0.07349112929230926, 1.5702007856765107e-05, 0.031846570162834216, 3.570030104739367e-20], 'ndcg_10_results': [1.0, 1.1152125055662958e-42, 8.793186500069964e-57, 0.12677444347686354, 0.000366891948717311, 1.0110691659250275e-36, 0.6754688824476133, 2.3195298291614917e-11, 0.07589445321470667, 0.006745560888152673, 0.0314214411400182, 3.522372745905577e-20]}
iteration 12:
prediction ranks:  [14, 93, 164, 17, 30, 102, 117, 94, 23, 187]
NDCG@1: 0.0001220703125
NDCG@3: 8.474369244766954e-05
NDCG@5: 8.47181567709594e-05
NDCG@10: 8.363386396232146e-05
results:  {'ndcg_1_results': [1.0, 1.2732289258503896e-57, 1.2732289258503896e-57, 7.346839692639297e-40, 6.462348535570529e-27, 3.6734198463196485e-40, 1.0, 3.552713678800501e-15, 4.656612873077393e-10, 1.862645149230957e-09, 4.440892098500626e-16, 5.421010862427522e-20, 0.0001220703125], 'ndcg_3_results': [1.0, 1.964079056899762e-44, 1.272632344351415e-57, 2.4663660572745694e-15, 6.165915143231259e-16, 2.938735877055719e-39, 0.7215962568916908, 2.115131075642281e-13, 0.002725165310845143, 1.8164547240768035e-08, 4.464214243317978e-08, 3.7633762249398473e-20, 8.474369244766954e-05], 'ndcg_5_results': [1.0, 1.8634714160727846e-44, 1.2720568578445359e-57, 0.12848968930107482, 3.301875077787844e-11, 1.2111201662300024e-38, 0.6845256815786815, 1.0308836852964704e-11, 0.07349112929230926, 1.5702007856765107e-05, 0.031846570162834216, 3.570030104739367e-20, 8.47181567709594e-05], 'ndcg_10_results': [1.0, 1.1152125055662958e-42, 8.793186500069964e-57, 0.12677444347686354, 0.000366891948717311, 1.0110691659250275e-36, 0.6754688824476133, 2.3195298291614917e-11, 0.07589445321470667, 0.006745560888152673, 0.0314214411400182, 3.522372745905577e-20, 8.363386396232146e-05]}
iteration 13:
prediction ranks:  [60, 103, 70, 184, 48, 192, 189, 169, 153, 136]
NDCG@1: 1.734723475976807e-18
NDCG@3: 1.2048683288945992e-18
NDCG@5: 1.811346986043981e-15
NDCG@10: 1.7871667940697444e-15
results:  {'ndcg_1_results': [1.0, 1.2732289258503896e-57, 1.2732289258503896e-57, 7.346839692639297e-40, 6.462348535570529e-27, 3.6734198463196485e-40, 1.0, 3.552713678800501e-15, 4.656612873077393e-10, 1.862645149230957e-09, 4.440892098500626e-16, 5.421010862427522e-20, 0.0001220703125, 1.734723475976807e-18], 'ndcg_3_results': [1.0, 1.964079056899762e-44, 1.272632344351415e-57, 2.4663660572745694e-15, 6.165915143231259e-16, 2.938735877055719e-39, 0.7215962568916908, 2.115131075642281e-13, 0.002725165310845143, 1.8164547240768035e-08, 4.464214243317978e-08, 3.7633762249398473e-20, 8.474369244766954e-05, 1.2048683288945992e-18], 'ndcg_5_results': [1.0, 1.8634714160727846e-44, 1.2720568578445359e-57, 0.12848968930107482, 3.301875077787844e-11, 1.2111201662300024e-38, 0.6845256815786815, 1.0308836852964704e-11, 0.07349112929230926, 1.5702007856765107e-05, 0.031846570162834216, 3.570030104739367e-20, 8.47181567709594e-05, 1.811346986043981e-15], 'ndcg_10_results': [1.0, 1.1152125055662958e-42, 8.793186500069964e-57, 0.12677444347686354, 0.000366891948717311, 1.0110691659250275e-36, 0.6754688824476133, 2.3195298291614917e-11, 0.07589445321470667, 0.006745560888152673, 0.0314214411400182, 3.522372745905577e-20, 8.363386396232146e-05, 1.7871667940697444e-15]}
iteration 14:
prediction ranks:  [68, 71, 69, 62, 50, 25, 58, 138, 141, 186]
NDCG@1: 6.776263578034403e-21
NDCG@3: 6.251278949136455e-21
NDCG@5: 4.526799370378371e-16
NDCG@10: 1.3795511196582963e-08
results:  {'ndcg_1_results': [1.0, 1.2732289258503896e-57, 1.2732289258503896e-57, 7.346839692639297e-40, 6.462348535570529e-27, 3.6734198463196485e-40, 1.0, 3.552713678800501e-15, 4.656612873077393e-10, 1.862645149230957e-09, 4.440892098500626e-16, 5.421010862427522e-20, 0.0001220703125, 1.734723475976807e-18, 6.776263578034403e-21], 'ndcg_3_results': [1.0, 1.964079056899762e-44, 1.272632344351415e-57, 2.4663660572745694e-15, 6.165915143231259e-16, 2.938735877055719e-39, 0.7215962568916908, 2.115131075642281e-13, 0.002725165310845143, 1.8164547240768035e-08, 4.464214243317978e-08, 3.7633762249398473e-20, 8.474369244766954e-05, 1.2048683288945992e-18, 6.251278949136455e-21], 'ndcg_5_results': [1.0, 1.8634714160727846e-44, 1.2720568578445359e-57, 0.12848968930107482, 3.301875077787844e-11, 1.2111201662300024e-38, 0.6845256815786815, 1.0308836852964704e-11, 0.07349112929230926, 1.5702007856765107e-05, 0.031846570162834216, 3.570030104739367e-20, 8.47181567709594e-05, 1.811346986043981e-15, 4.526799370378371e-16], 'ndcg_10_results': [1.0, 1.1152125055662958e-42, 8.793186500069964e-57, 0.12677444347686354, 0.000366891948717311, 1.0110691659250275e-36, 0.6754688824476133, 2.3195298291614917e-11, 0.07589445321470667, 0.006745560888152673, 0.0314214411400182, 3.522372745905577e-20, 8.363386396232146e-05, 1.7871667940697444e-15, 1.3795511196582963e-08]}
iteration 15:
prediction ranks:  [19, 114, 129, 165, 189, 146, 93, 90, 15, 188]
NDCG@1: 3.814697265625e-06
NDCG@3: 2.648240388989673e-06
NDCG@5: 2.5121851625214373e-06
NDCG@10: 1.4417013792897174e-05
results:  {'ndcg_1_results': [1.0, 1.2732289258503896e-57, 1.2732289258503896e-57, 7.346839692639297e-40, 6.462348535570529e-27, 3.6734198463196485e-40, 1.0, 3.552713678800501e-15, 4.656612873077393e-10, 1.862645149230957e-09, 4.440892098500626e-16, 5.421010862427522e-20, 0.0001220703125, 1.734723475976807e-18, 6.776263578034403e-21, 3.814697265625e-06], 'ndcg_3_results': [1.0, 1.964079056899762e-44, 1.272632344351415e-57, 2.4663660572745694e-15, 6.165915143231259e-16, 2.938735877055719e-39, 0.7215962568916908, 2.115131075642281e-13, 0.002725165310845143, 1.8164547240768035e-08, 4.464214243317978e-08, 3.7633762249398473e-20, 8.474369244766954e-05, 1.2048683288945992e-18, 6.251278949136455e-21, 2.648240388989673e-06], 'ndcg_5_results': [1.0, 1.8634714160727846e-44, 1.2720568578445359e-57, 0.12848968930107482, 3.301875077787844e-11, 1.2111201662300024e-38, 0.6845256815786815, 1.0308836852964704e-11, 0.07349112929230926, 1.5702007856765107e-05, 0.031846570162834216, 3.570030104739367e-20, 8.47181567709594e-05, 1.811346986043981e-15, 4.526799370378371e-16, 2.5121851625214373e-06], 'ndcg_10_results': [1.0, 1.1152125055662958e-42, 8.793186500069964e-57, 0.12677444347686354, 0.000366891948717311, 1.0110691659250275e-36, 0.6754688824476133, 2.3195298291614917e-11, 0.07589445321470667, 0.006745560888152673, 0.0314214411400182, 3.522372745905577e-20, 8.363386396232146e-05, 1.7871667940697444e-15, 1.3795511196582963e-08, 1.4417013792897174e-05]}
iteration 16:
prediction ranks:  [19, 129, 165, 189, 146, 93, 90, 15, 188, 198]
NDCG@1: 3.814697265625e-06
NDCG@3: 2.648240388989673e-06
NDCG@5: 2.5121851625214373e-06
NDCG@10: 1.4989477916114738e-05
results:  {'ndcg_1_results': [1.0, 1.2732289258503896e-57, 1.2732289258503896e-57, 7.346839692639297e-40, 6.462348535570529e-27, 3.6734198463196485e-40, 1.0, 3.552713678800501e-15, 4.656612873077393e-10, 1.862645149230957e-09, 4.440892098500626e-16, 5.421010862427522e-20, 0.0001220703125, 1.734723475976807e-18, 6.776263578034403e-21, 3.814697265625e-06, 3.814697265625e-06], 'ndcg_3_results': [1.0, 1.964079056899762e-44, 1.272632344351415e-57, 2.4663660572745694e-15, 6.165915143231259e-16, 2.938735877055719e-39, 0.7215962568916908, 2.115131075642281e-13, 0.002725165310845143, 1.8164547240768035e-08, 4.464214243317978e-08, 3.7633762249398473e-20, 8.474369244766954e-05, 1.2048683288945992e-18, 6.251278949136455e-21, 2.648240388989673e-06, 2.648240388989673e-06], 'ndcg_5_results': [1.0, 1.8634714160727846e-44, 1.2720568578445359e-57, 0.12848968930107482, 3.301875077787844e-11, 1.2111201662300024e-38, 0.6845256815786815, 1.0308836852964704e-11, 0.07349112929230926, 1.5702007856765107e-05, 0.031846570162834216, 3.570030104739367e-20, 8.47181567709594e-05, 1.811346986043981e-15, 4.526799370378371e-16, 2.5121851625214373e-06, 2.5121851625214373e-06], 'ndcg_10_results': [1.0, 1.1152125055662958e-42, 8.793186500069964e-57, 0.12677444347686354, 0.000366891948717311, 1.0110691659250275e-36, 0.6754688824476133, 2.3195298291614917e-11, 0.07589445321470667, 0.006745560888152673, 0.0314214411400182, 3.522372745905577e-20, 8.363386396232146e-05, 1.7871667940697444e-15, 1.3795511196582963e-08, 1.4417013792897174e-05, 1.4989477916114738e-05]}
iteration 17:
prediction ranks:  [190, 145, 9, 1, 37, 4, 3, 21, 143, 191]
NDCG@1: 1.2732289258503896e-57
NDCG@3: 0.0013558990791627127
NDCG@5: 0.28491012392811815
NDCG@10: 0.3641851749052522
results:  {'ndcg_1_results': [1.0, 1.2732289258503896e-57, 1.2732289258503896e-57, 7.346839692639297e-40, 6.462348535570529e-27, 3.6734198463196485e-40, 1.0, 3.552713678800501e-15, 4.656612873077393e-10, 1.862645149230957e-09, 4.440892098500626e-16, 5.421010862427522e-20, 0.0001220703125, 1.734723475976807e-18, 6.776263578034403e-21, 3.814697265625e-06, 3.814697265625e-06, 1.2732289258503896e-57], 'ndcg_3_results': [1.0, 1.964079056899762e-44, 1.272632344351415e-57, 2.4663660572745694e-15, 6.165915143231259e-16, 2.938735877055719e-39, 0.7215962568916908, 2.115131075642281e-13, 0.002725165310845143, 1.8164547240768035e-08, 4.464214243317978e-08, 3.7633762249398473e-20, 8.474369244766954e-05, 1.2048683288945992e-18, 6.251278949136455e-21, 2.648240388989673e-06, 2.648240388989673e-06, 0.0013558990791627127], 'ndcg_5_results': [1.0, 1.8634714160727846e-44, 1.2720568578445359e-57, 0.12848968930107482, 3.301875077787844e-11, 1.2111201662300024e-38, 0.6845256815786815, 1.0308836852964704e-11, 0.07349112929230926, 1.5702007856765107e-05, 0.031846570162834216, 3.570030104739367e-20, 8.47181567709594e-05, 1.811346986043981e-15, 4.526799370378371e-16, 2.5121851625214373e-06, 2.5121851625214373e-06, 0.28491012392811815], 'ndcg_10_results': [1.0, 1.1152125055662958e-42, 8.793186500069964e-57, 0.12677444347686354, 0.000366891948717311, 1.0110691659250275e-36, 0.6754688824476133, 2.3195298291614917e-11, 0.07589445321470667, 0.006745560888152673, 0.0314214411400182, 3.522372745905577e-20, 8.363386396232146e-05, 1.7871667940697444e-15, 1.3795511196582963e-08, 1.4417013792897174e-05, 1.4989477916114738e-05, 0.3641851749052522]}
iteration 18:
prediction ranks:  [28, 46, 10, 114, 12, 163, 65, 44, 49, 37]
NDCG@1: 7.450580596923828e-09
NDCG@3: 0.0006779547119383149
NDCG@5: 0.0007675205811779836
NDCG@10: 0.0007572747309097459
results:  {'ndcg_1_results': [1.0, 1.2732289258503896e-57, 1.2732289258503896e-57, 7.346839692639297e-40, 6.462348535570529e-27, 3.6734198463196485e-40, 1.0, 3.552713678800501e-15, 4.656612873077393e-10, 1.862645149230957e-09, 4.440892098500626e-16, 5.421010862427522e-20, 0.0001220703125, 1.734723475976807e-18, 6.776263578034403e-21, 3.814697265625e-06, 3.814697265625e-06, 1.2732289258503896e-57, 7.450580596923828e-09], 'ndcg_3_results': [1.0, 1.964079056899762e-44, 1.272632344351415e-57, 2.4663660572745694e-15, 6.165915143231259e-16, 2.938735877055719e-39, 0.7215962568916908, 2.115131075642281e-13, 0.002725165310845143, 1.8164547240768035e-08, 4.464214243317978e-08, 3.7633762249398473e-20, 8.474369244766954e-05, 1.2048683288945992e-18, 6.251278949136455e-21, 2.648240388989673e-06, 2.648240388989673e-06, 0.0013558990791627127, 0.0006779547119383149], 'ndcg_5_results': [1.0, 1.8634714160727846e-44, 1.2720568578445359e-57, 0.12848968930107482, 3.301875077787844e-11, 1.2111201662300024e-38, 0.6845256815786815, 1.0308836852964704e-11, 0.07349112929230926, 1.5702007856765107e-05, 0.031846570162834216, 3.570030104739367e-20, 8.47181567709594e-05, 1.811346986043981e-15, 4.526799370378371e-16, 2.5121851625214373e-06, 2.5121851625214373e-06, 0.28491012392811815, 0.0007675205811779836], 'ndcg_10_results': [1.0, 1.1152125055662958e-42, 8.793186500069964e-57, 0.12677444347686354, 0.000366891948717311, 1.0110691659250275e-36, 0.6754688824476133, 2.3195298291614917e-11, 0.07589445321470667, 0.006745560888152673, 0.0314214411400182, 3.522372745905577e-20, 8.363386396232146e-05, 1.7871667940697444e-15, 1.3795511196582963e-08, 1.4417013792897174e-05, 1.4989477916114738e-05, 0.3641851749052522, 0.0007572747309097459]}
iteration 19:
prediction ranks:  [43, 5, 192, 70, 60, 128, 116, 97, 27, 22]
NDCG@1: 2.2737367544323206e-13
NDCG@3: 0.027375266300442534
NDCG@5: 0.02596884259675606
NDCG@10: 0.02562226952258663
results:  {'ndcg_1_results': [1.0, 1.2732289258503896e-57, 1.2732289258503896e-57, 7.346839692639297e-40, 6.462348535570529e-27, 3.6734198463196485e-40, 1.0, 3.552713678800501e-15, 4.656612873077393e-10, 1.862645149230957e-09, 4.440892098500626e-16, 5.421010862427522e-20, 0.0001220703125, 1.734723475976807e-18, 6.776263578034403e-21, 3.814697265625e-06, 3.814697265625e-06, 1.2732289258503896e-57, 7.450580596923828e-09, 2.2737367544323206e-13], 'ndcg_3_results': [1.0, 1.964079056899762e-44, 1.272632344351415e-57, 2.4663660572745694e-15, 6.165915143231259e-16, 2.938735877055719e-39, 0.7215962568916908, 2.115131075642281e-13, 0.002725165310845143, 1.8164547240768035e-08, 4.464214243317978e-08, 3.7633762249398473e-20, 8.474369244766954e-05, 1.2048683288945992e-18, 6.251278949136455e-21, 2.648240388989673e-06, 2.648240388989673e-06, 0.0013558990791627127, 0.0006779547119383149, 0.027375266300442534], 'ndcg_5_results': [1.0, 1.8634714160727846e-44, 1.2720568578445359e-57, 0.12848968930107482, 3.301875077787844e-11, 1.2111201662300024e-38, 0.6845256815786815, 1.0308836852964704e-11, 0.07349112929230926, 1.5702007856765107e-05, 0.031846570162834216, 3.570030104739367e-20, 8.47181567709594e-05, 1.811346986043981e-15, 4.526799370378371e-16, 2.5121851625214373e-06, 2.5121851625214373e-06, 0.28491012392811815, 0.0007675205811779836, 0.02596884259675606], 'ndcg_10_results': [1.0, 1.1152125055662958e-42, 8.793186500069964e-57, 0.12677444347686354, 0.000366891948717311, 1.0110691659250275e-36, 0.6754688824476133, 2.3195298291614917e-11, 0.07589445321470667, 0.006745560888152673, 0.0314214411400182, 3.522372745905577e-20, 8.363386396232146e-05, 1.7871667940697444e-15, 1.3795511196582963e-08, 1.4417013792897174e-05, 1.4989477916114738e-05, 0.3641851749052522, 0.0007572747309097459, 0.02562226952258663]}
iteration 20:
prediction ranks:  [43, 192, 5, 70, 60, 128, 116, 97, 27, 22]
NDCG@1: 2.2737367544323206e-13
NDCG@3: 0.02169438526676125
NDCG@5: 0.020579820851525352
NDCG@10: 0.020305187378855255
results:  {'ndcg_1_results': [1.0, 1.2732289258503896e-57, 1.2732289258503896e-57, 7.346839692639297e-40, 6.462348535570529e-27, 3.6734198463196485e-40, 1.0, 3.552713678800501e-15, 4.656612873077393e-10, 1.862645149230957e-09, 4.440892098500626e-16, 5.421010862427522e-20, 0.0001220703125, 1.734723475976807e-18, 6.776263578034403e-21, 3.814697265625e-06, 3.814697265625e-06, 1.2732289258503896e-57, 7.450580596923828e-09, 2.2737367544323206e-13, 2.2737367544323206e-13], 'ndcg_3_results': [1.0, 1.964079056899762e-44, 1.272632344351415e-57, 2.4663660572745694e-15, 6.165915143231259e-16, 2.938735877055719e-39, 0.7215962568916908, 2.115131075642281e-13, 0.002725165310845143, 1.8164547240768035e-08, 4.464214243317978e-08, 3.7633762249398473e-20, 8.474369244766954e-05, 1.2048683288945992e-18, 6.251278949136455e-21, 2.648240388989673e-06, 2.648240388989673e-06, 0.0013558990791627127, 0.0006779547119383149, 0.027375266300442534, 0.02169438526676125], 'ndcg_5_results': [1.0, 1.8634714160727846e-44, 1.2720568578445359e-57, 0.12848968930107482, 3.301875077787844e-11, 1.2111201662300024e-38, 0.6845256815786815, 1.0308836852964704e-11, 0.07349112929230926, 1.5702007856765107e-05, 0.031846570162834216, 3.570030104739367e-20, 8.47181567709594e-05, 1.811346986043981e-15, 4.526799370378371e-16, 2.5121851625214373e-06, 2.5121851625214373e-06, 0.28491012392811815, 0.0007675205811779836, 0.02596884259675606, 0.020579820851525352], 'ndcg_10_results': [1.0, 1.1152125055662958e-42, 8.793186500069964e-57, 0.12677444347686354, 0.000366891948717311, 1.0110691659250275e-36, 0.6754688824476133, 2.3195298291614917e-11, 0.07589445321470667, 0.006745560888152673, 0.0314214411400182, 3.522372745905577e-20, 8.363386396232146e-05, 1.7871667940697444e-15, 1.3795511196582963e-08, 1.4417013792897174e-05, 1.4989477916114738e-05, 0.3641851749052522, 0.0007572747309097459, 0.02562226952258663, 0.020305187378855255]}
iteration 21:
prediction ranks:  [43, 5, 70, 60, 128, 116, 97, 27, 22, 29]
NDCG@1: 2.2737367544323206e-13
NDCG@3: 0.027375266300442534
NDCG@5: 0.02596884259675606
NDCG@10: 0.025622274069228262
results:  {'ndcg_1_results': [1.0, 1.2732289258503896e-57, 1.2732289258503896e-57, 7.346839692639297e-40, 6.462348535570529e-27, 3.6734198463196485e-40, 1.0, 3.552713678800501e-15, 4.656612873077393e-10, 1.862645149230957e-09, 4.440892098500626e-16, 5.421010862427522e-20, 0.0001220703125, 1.734723475976807e-18, 6.776263578034403e-21, 3.814697265625e-06, 3.814697265625e-06, 1.2732289258503896e-57, 7.450580596923828e-09, 2.2737367544323206e-13, 2.2737367544323206e-13, 2.2737367544323206e-13], 'ndcg_3_results': [1.0, 1.964079056899762e-44, 1.272632344351415e-57, 2.4663660572745694e-15, 6.165915143231259e-16, 2.938735877055719e-39, 0.7215962568916908, 2.115131075642281e-13, 0.002725165310845143, 1.8164547240768035e-08, 4.464214243317978e-08, 3.7633762249398473e-20, 8.474369244766954e-05, 1.2048683288945992e-18, 6.251278949136455e-21, 2.648240388989673e-06, 2.648240388989673e-06, 0.0013558990791627127, 0.0006779547119383149, 0.027375266300442534, 0.02169438526676125, 0.027375266300442534], 'ndcg_5_results': [1.0, 1.8634714160727846e-44, 1.2720568578445359e-57, 0.12848968930107482, 3.301875077787844e-11, 1.2111201662300024e-38, 0.6845256815786815, 1.0308836852964704e-11, 0.07349112929230926, 1.5702007856765107e-05, 0.031846570162834216, 3.570030104739367e-20, 8.47181567709594e-05, 1.811346986043981e-15, 4.526799370378371e-16, 2.5121851625214373e-06, 2.5121851625214373e-06, 0.28491012392811815, 0.0007675205811779836, 0.02596884259675606, 0.020579820851525352, 0.02596884259675606], 'ndcg_10_results': [1.0, 1.1152125055662958e-42, 8.793186500069964e-57, 0.12677444347686354, 0.000366891948717311, 1.0110691659250275e-36, 0.6754688824476133, 2.3195298291614917e-11, 0.07589445321470667, 0.006745560888152673, 0.0314214411400182, 3.522372745905577e-20, 8.363386396232146e-05, 1.7871667940697444e-15, 1.3795511196582963e-08, 1.4417013792897174e-05, 1.4989477916114738e-05, 0.3641851749052522, 0.0007572747309097459, 0.02562226952258663, 0.020305187378855255, 0.025622274069228262]}
iteration 22:
prediction ranks:  [43, 70, 97, 22, 29, 47, 125, 155, 195, 58]
NDCG@1: 2.2737367544323206e-13
NDCG@3: 1.5784742840757986e-13
NDCG@5: 1.3619162536217273e-07
NDCG@10: 1.3437356746832886e-07
results:  {'ndcg_1_results': [1.0, 1.2732289258503896e-57, 1.2732289258503896e-57, 7.346839692639297e-40, 6.462348535570529e-27, 3.6734198463196485e-40, 1.0, 3.552713678800501e-15, 4.656612873077393e-10, 1.862645149230957e-09, 4.440892098500626e-16, 5.421010862427522e-20, 0.0001220703125, 1.734723475976807e-18, 6.776263578034403e-21, 3.814697265625e-06, 3.814697265625e-06, 1.2732289258503896e-57, 7.450580596923828e-09, 2.2737367544323206e-13, 2.2737367544323206e-13, 2.2737367544323206e-13, 2.2737367544323206e-13], 'ndcg_3_results': [1.0, 1.964079056899762e-44, 1.272632344351415e-57, 2.4663660572745694e-15, 6.165915143231259e-16, 2.938735877055719e-39, 0.7215962568916908, 2.115131075642281e-13, 0.002725165310845143, 1.8164547240768035e-08, 4.464214243317978e-08, 3.7633762249398473e-20, 8.474369244766954e-05, 1.2048683288945992e-18, 6.251278949136455e-21, 2.648240388989673e-06, 2.648240388989673e-06, 0.0013558990791627127, 0.0006779547119383149, 0.027375266300442534, 0.02169438526676125, 0.027375266300442534, 1.5784742840757986e-13], 'ndcg_5_results': [1.0, 1.8634714160727846e-44, 1.2720568578445359e-57, 0.12848968930107482, 3.301875077787844e-11, 1.2111201662300024e-38, 0.6845256815786815, 1.0308836852964704e-11, 0.07349112929230926, 1.5702007856765107e-05, 0.031846570162834216, 3.570030104739367e-20, 8.47181567709594e-05, 1.811346986043981e-15, 4.526799370378371e-16, 2.5121851625214373e-06, 2.5121851625214373e-06, 0.28491012392811815, 0.0007675205811779836, 0.02596884259675606, 0.020579820851525352, 0.02596884259675606, 1.3619162536217273e-07], 'ndcg_10_results': [1.0, 1.1152125055662958e-42, 8.793186500069964e-57, 0.12677444347686354, 0.000366891948717311, 1.0110691659250275e-36, 0.6754688824476133, 2.3195298291614917e-11, 0.07589445321470667, 0.006745560888152673, 0.0314214411400182, 3.522372745905577e-20, 8.363386396232146e-05, 1.7871667940697444e-15, 1.3795511196582963e-08, 1.4417013792897174e-05, 1.4989477916114738e-05, 0.3641851749052522, 0.0007572747309097459, 0.02562226952258663, 0.020305187378855255, 0.025622274069228262, 1.3437356746832886e-07]}
iteration 23:
prediction ranks:  [43, 97, 29, 47, 58, 50, 68, 41, 98, 37]
NDCG@1: 2.2737367544323206e-13
NDCG@3: 1.2932439748640293e-09
NDCG@5: 1.2268066815972454e-09
NDCG@10: 1.213349716990115e-09
results:  {'ndcg_1_results': [1.0, 1.2732289258503896e-57, 1.2732289258503896e-57, 7.346839692639297e-40, 6.462348535570529e-27, 3.6734198463196485e-40, 1.0, 3.552713678800501e-15, 4.656612873077393e-10, 1.862645149230957e-09, 4.440892098500626e-16, 5.421010862427522e-20, 0.0001220703125, 1.734723475976807e-18, 6.776263578034403e-21, 3.814697265625e-06, 3.814697265625e-06, 1.2732289258503896e-57, 7.450580596923828e-09, 2.2737367544323206e-13, 2.2737367544323206e-13, 2.2737367544323206e-13, 2.2737367544323206e-13, 2.2737367544323206e-13], 'ndcg_3_results': [1.0, 1.964079056899762e-44, 1.272632344351415e-57, 2.4663660572745694e-15, 6.165915143231259e-16, 2.938735877055719e-39, 0.7215962568916908, 2.115131075642281e-13, 0.002725165310845143, 1.8164547240768035e-08, 4.464214243317978e-08, 3.7633762249398473e-20, 8.474369244766954e-05, 1.2048683288945992e-18, 6.251278949136455e-21, 2.648240388989673e-06, 2.648240388989673e-06, 0.0013558990791627127, 0.0006779547119383149, 0.027375266300442534, 0.02169438526676125, 0.027375266300442534, 1.5784742840757986e-13, 1.2932439748640293e-09], 'ndcg_5_results': [1.0, 1.8634714160727846e-44, 1.2720568578445359e-57, 0.12848968930107482, 3.301875077787844e-11, 1.2111201662300024e-38, 0.6845256815786815, 1.0308836852964704e-11, 0.07349112929230926, 1.5702007856765107e-05, 0.031846570162834216, 3.570030104739367e-20, 8.47181567709594e-05, 1.811346986043981e-15, 4.526799370378371e-16, 2.5121851625214373e-06, 2.5121851625214373e-06, 0.28491012392811815, 0.0007675205811779836, 0.02596884259675606, 0.020579820851525352, 0.02596884259675606, 1.3619162536217273e-07, 1.2268066815972454e-09], 'ndcg_10_results': [1.0, 1.1152125055662958e-42, 8.793186500069964e-57, 0.12677444347686354, 0.000366891948717311, 1.0110691659250275e-36, 0.6754688824476133, 2.3195298291614917e-11, 0.07589445321470667, 0.006745560888152673, 0.0314214411400182, 3.522372745905577e-20, 8.363386396232146e-05, 1.7871667940697444e-15, 1.3795511196582963e-08, 1.4417013792897174e-05, 1.4989477916114738e-05, 0.3641851749052522, 0.0007572747309097459, 0.02562226952258663, 0.020305187378855255, 0.025622274069228262, 1.3437356746832886e-07, 1.213349716990115e-09]}
iteration 24:
prediction ranks:  [43, 29, 58, 68, 37, 93, 13, 57, 45, 2]
NDCG@1: 2.2737367544323206e-13
NDCG@3: 1.6318508732964167e-09
NDCG@5: 1.5517206762199705e-09
NDCG@10: 0.0939646990853595
results:  {'ndcg_1_results': [1.0, 1.2732289258503896e-57, 1.2732289258503896e-57, 7.346839692639297e-40, 6.462348535570529e-27, 3.6734198463196485e-40, 1.0, 3.552713678800501e-15, 4.656612873077393e-10, 1.862645149230957e-09, 4.440892098500626e-16, 5.421010862427522e-20, 0.0001220703125, 1.734723475976807e-18, 6.776263578034403e-21, 3.814697265625e-06, 3.814697265625e-06, 1.2732289258503896e-57, 7.450580596923828e-09, 2.2737367544323206e-13, 2.2737367544323206e-13, 2.2737367544323206e-13, 2.2737367544323206e-13, 2.2737367544323206e-13, 2.2737367544323206e-13], 'ndcg_3_results': [1.0, 1.964079056899762e-44, 1.272632344351415e-57, 2.4663660572745694e-15, 6.165915143231259e-16, 2.938735877055719e-39, 0.7215962568916908, 2.115131075642281e-13, 0.002725165310845143, 1.8164547240768035e-08, 4.464214243317978e-08, 3.7633762249398473e-20, 8.474369244766954e-05, 1.2048683288945992e-18, 6.251278949136455e-21, 2.648240388989673e-06, 2.648240388989673e-06, 0.0013558990791627127, 0.0006779547119383149, 0.027375266300442534, 0.02169438526676125, 0.027375266300442534, 1.5784742840757986e-13, 1.2932439748640293e-09, 1.6318508732964167e-09], 'ndcg_5_results': [1.0, 1.8634714160727846e-44, 1.2720568578445359e-57, 0.12848968930107482, 3.301875077787844e-11, 1.2111201662300024e-38, 0.6845256815786815, 1.0308836852964704e-11, 0.07349112929230926, 1.5702007856765107e-05, 0.031846570162834216, 3.570030104739367e-20, 8.47181567709594e-05, 1.811346986043981e-15, 4.526799370378371e-16, 2.5121851625214373e-06, 2.5121851625214373e-06, 0.28491012392811815, 0.0007675205811779836, 0.02596884259675606, 0.020579820851525352, 0.02596884259675606, 1.3619162536217273e-07, 1.2268066815972454e-09, 1.5517206762199705e-09], 'ndcg_10_results': [1.0, 1.1152125055662958e-42, 8.793186500069964e-57, 0.12677444347686354, 0.000366891948717311, 1.0110691659250275e-36, 0.6754688824476133, 2.3195298291614917e-11, 0.07589445321470667, 0.006745560888152673, 0.0314214411400182, 3.522372745905577e-20, 8.363386396232146e-05, 1.7871667940697444e-15, 1.3795511196582963e-08, 1.4417013792897174e-05, 1.4989477916114738e-05, 0.3641851749052522, 0.0007572747309097459, 0.02562226952258663, 0.020305187378855255, 0.025622274069228262, 1.3437356746832886e-07, 1.213349716990115e-09, 0.0939646990853595]}
iteration 25:
prediction ranks:  [159, 165, 163, 90, 199, 96, 132, 193, 94, 46]
NDCG@1: 2.7369110631331637e-48
NDCG@3: 1.9781258177507433e-48
NDCG@5: 4.582190996664524e-28
NDCG@10: 5.338268903360651e-15
results:  {'ndcg_1_results': [1.0, 1.2732289258503896e-57, 1.2732289258503896e-57, 7.346839692639297e-40, 6.462348535570529e-27, 3.6734198463196485e-40, 1.0, 3.552713678800501e-15, 4.656612873077393e-10, 1.862645149230957e-09, 4.440892098500626e-16, 5.421010862427522e-20, 0.0001220703125, 1.734723475976807e-18, 6.776263578034403e-21, 3.814697265625e-06, 3.814697265625e-06, 1.2732289258503896e-57, 7.450580596923828e-09, 2.2737367544323206e-13, 2.2737367544323206e-13, 2.2737367544323206e-13, 2.2737367544323206e-13, 2.2737367544323206e-13, 2.2737367544323206e-13, 2.7369110631331637e-48], 'ndcg_3_results': [1.0, 1.964079056899762e-44, 1.272632344351415e-57, 2.4663660572745694e-15, 6.165915143231259e-16, 2.938735877055719e-39, 0.7215962568916908, 2.115131075642281e-13, 0.002725165310845143, 1.8164547240768035e-08, 4.464214243317978e-08, 3.7633762249398473e-20, 8.474369244766954e-05, 1.2048683288945992e-18, 6.251278949136455e-21, 2.648240388989673e-06, 2.648240388989673e-06, 0.0013558990791627127, 0.0006779547119383149, 0.027375266300442534, 0.02169438526676125, 0.027375266300442534, 1.5784742840757986e-13, 1.2932439748640293e-09, 1.6318508732964167e-09, 1.9781258177507433e-48], 'ndcg_5_results': [1.0, 1.8634714160727846e-44, 1.2720568578445359e-57, 0.12848968930107482, 3.301875077787844e-11, 1.2111201662300024e-38, 0.6845256815786815, 1.0308836852964704e-11, 0.07349112929230926, 1.5702007856765107e-05, 0.031846570162834216, 3.570030104739367e-20, 8.47181567709594e-05, 1.811346986043981e-15, 4.526799370378371e-16, 2.5121851625214373e-06, 2.5121851625214373e-06, 0.28491012392811815, 0.0007675205811779836, 0.02596884259675606, 0.020579820851525352, 0.02596884259675606, 1.3619162536217273e-07, 1.2268066815972454e-09, 1.5517206762199705e-09, 4.582190996664524e-28], 'ndcg_10_results': [1.0, 1.1152125055662958e-42, 8.793186500069964e-57, 0.12677444347686354, 0.000366891948717311, 1.0110691659250275e-36, 0.6754688824476133, 2.3195298291614917e-11, 0.07589445321470667, 0.006745560888152673, 0.0314214411400182, 3.522372745905577e-20, 8.363386396232146e-05, 1.7871667940697444e-15, 1.3795511196582963e-08, 1.4417013792897174e-05, 1.4989477916114738e-05, 0.3641851749052522, 0.0007572747309097459, 0.02562226952258663, 0.020305187378855255, 0.025622274069228262, 1.3437356746832886e-07, 1.213349716990115e-09, 0.0939646990853595, 5.338268903360651e-15]}
key ndcg_1_results
key ndcg_3_results
key ndcg_5_results
key ndcg_10_results
