

Reranking method: permutation_pipeline
Fetching websites...
Initial shuffle:
[6, 130, 46, 187, 4, 104, 26, 51, 55, 40, 41, 197, 198, 172, 129, 170, 22, 169, 16, 34, 110, 96, 164, 196, 101, 33, 66, 52, 193, 144, 168, 185, 37, 199, 150, 113, 5, 120, 100, 194, 61, 95, 8, 146, 116, 149, 3, 49, 29, 156, 62, 71, 126, 39, 191, 117, 95, 47, 161, 175, 93, 185, 171, 125, 1, 167, 59, 31, 27, 187, 87, 133, 93, 35, 53, 105, 140, 114, 195, 192, 190, 106, 128, 162, 103, 69, 154, 109, 132, 123, 60, 20, 9, 112, 48, 30, 98, 188, 92, 100, 74, 56, 99, 122, 189, 160, 94, 21, 143, 127, 19, 50, 158, 192, 86, 68, 12, 72, 176, 147, 157, 58, 2, 186, 54, 70, 17, 141, 7, 152, 191, 115, 92, 119, 23, 57, 11, 15, 124, 44, 98, 42, 151, 174, 65, 134, 153, 73, 137, 108, 102, 10, 107, 189, 13, 136, 138, 43, 145, 186, 142, 163, 67, 103, 102, 38, 200, 97, 97, 25, 63, 111, 131, 166, 155, 80, 121, 190, 18, 94, 64, 159, 89, 101, 28, 36, 139, 45, 14, 32, 104, 24, 165, 118, 173, 99, 148, 88, 135, 188]

reranking iteration 0
reranking iteration 1
reranking iteration 2
reranking iteration 3
reranking iteration 4
reranking iteration 5
reranking iteration 6
reranking iteration 7
reranking iteration 8
reranking iteration 9
reranking iteration 10
reranking iteration 11
reranking iteration 12
reranking iteration 13
reranking iteration 14
reranking iteration 15
reranking iteration 16
reranking iteration 17
reranking iteration 18
reranking iteration 19
reranking iteration 20
reranking iteration 21
reranking iteration 22
reranking iteration 23
reranking iteration 24
iteration 0:
prediction ranks:  [6, 130, 46, 187, 4, 104, 26, 51, 55, 40]
NDCG@1: 0.03125
NDCG@3: 0.021694385266613266
NDCG@5: 0.05242526672633942
NDCG@10: 0.051725433215156894
results:  {'ndcg_1_results': [0.03125], 'ndcg_3_results': [0.021694385266613266], 'ndcg_5_results': [0.05242526672633942], 'ndcg_10_results': [0.051725433215156894]}
iteration 1:
prediction ranks:  [18, 97, 97, 38, 67, 142, 138, 136, 107, 102]
NDCG@1: 7.62939453125e-06
NDCG@3: 5.296480777979346e-06
NDCG@5: 5.024372388678245e-06
NDCG@10: 4.957300596335668e-06
results:  {'ndcg_1_results': [0.03125, 7.62939453125e-06], 'ndcg_3_results': [0.021694385266613266, 5.296480777979346e-06], 'ndcg_5_results': [0.05242526672633942, 5.024372388678245e-06], 'ndcg_10_results': [0.051725433215156894, 4.957300596335668e-06]}
iteration 2:
prediction ranks:  [190, 30, 25, 21, 31, 57, 44, 45, 149, 117]
NDCG@1: 1.2732289258503896e-57
NDCG@3: 2.1505224550711916e-08
NDCG@5: 2.911224602218795e-07
NDCG@10: 2.8723621903321043e-07
results:  {'ndcg_1_results': [0.03125, 7.62939453125e-06, 1.2732289258503896e-57], 'ndcg_3_results': [0.021694385266613266, 5.296480777979346e-06, 2.1505224550711916e-08], 'ndcg_5_results': [0.05242526672633942, 5.024372388678245e-06, 2.911224602218795e-07], 'ndcg_10_results': [0.051725433215156894, 4.957300596335668e-06, 2.8723621903321043e-07]}
iteration 3:
prediction ranks:  [80, 14, 15, 56, 103, 17, 29, 146, 66, 110]
NDCG@1: 1.6543612251060553e-24
NDCG@3: 7.465324010466092e-05
NDCG@5: 7.08178769966761e-05
NDCG@10: 7.340496638854409e-05
results:  {'ndcg_1_results': [0.03125, 7.62939453125e-06, 1.2732289258503896e-57, 1.6543612251060553e-24], 'ndcg_3_results': [0.021694385266613266, 5.296480777979346e-06, 2.1505224550711916e-08, 7.465324010466092e-05], 'ndcg_5_results': [0.05242526672633942, 5.024372388678245e-06, 2.911224602218795e-07, 7.08178769966761e-05], 'ndcg_10_results': [0.051725433215156894, 4.957300596335668e-06, 2.8723621903321043e-07, 7.340496638854409e-05]}
iteration 4:
prediction ranks:  [188, 88, 148, 99, 118, 165, 24, 32, 139, 28]
NDCG@1: 5.096649512568275e-57
NDCG@3: 2.8305361933839677e-27
NDCG@5: 2.6860103515065856e-27
NDCG@10: 2.731410854560616e-08
results:  {'ndcg_1_results': [0.03125, 7.62939453125e-06, 1.2732289258503896e-57, 1.6543612251060553e-24, 5.096649512568275e-57], 'ndcg_3_results': [0.021694385266613266, 5.296480777979346e-06, 2.1505224550711916e-08, 7.465324010466092e-05, 2.8305361933839677e-27], 'ndcg_5_results': [0.05242526672633942, 5.024372388678245e-06, 2.911224602218795e-07, 7.08178769966761e-05, 2.6860103515065856e-27], 'ndcg_10_results': [0.051725433215156894, 4.957300596335668e-06, 2.8723621903321043e-07, 7.340496638854409e-05, 2.731410854560616e-08]}
iteration 5:
prediction ranks:  [129, 1, 51, 104, 93, 114, 154, 109, 48, 74]
NDCG@1: 2.938735877055719e-39
NDCG@3: 0.4380042608045553
NDCG@5: 0.41550148154570143
NDCG@10: 0.40995483274414024
results:  {'ndcg_1_results': [0.03125, 7.62939453125e-06, 1.2732289258503896e-57, 1.6543612251060553e-24, 5.096649512568275e-57, 2.938735877055719e-39], 'ndcg_3_results': [0.021694385266613266, 5.296480777979346e-06, 2.1505224550711916e-08, 7.465324010466092e-05, 2.8305361933839677e-27, 0.4380042608045553], 'ndcg_5_results': [0.05242526672633942, 5.024372388678245e-06, 2.911224602218795e-07, 7.08178769966761e-05, 2.6860103515065856e-27, 0.41550148154570143], 'ndcg_10_results': [0.051725433215156894, 4.957300596335668e-06, 2.8723621903321043e-07, 7.340496638854409e-05, 2.731410854560616e-08, 0.40995483274414024]}
iteration 6:
prediction ranks:  [187, 125, 172, 151, 92, 191, 130, 107, 133, 69]
NDCG@1: 1.0194543628192122e-56
NDCG@3: 2.0594861368473967e-38
NDCG@5: 1.02898185276838e-28
NDCG@10: 6.363713449276887e-22
results:  {'ndcg_1_results': [0.03125, 7.62939453125e-06, 1.2732289258503896e-57, 1.6543612251060553e-24, 5.096649512568275e-57, 2.938735877055719e-39, 1.0194543628192122e-56], 'ndcg_3_results': [0.021694385266613266, 5.296480777979346e-06, 2.1505224550711916e-08, 7.465324010466092e-05, 2.8305361933839677e-27, 0.4380042608045553, 2.0594861368473967e-38], 'ndcg_5_results': [0.05242526672633942, 5.024372388678245e-06, 2.911224602218795e-07, 7.08178769966761e-05, 2.6860103515065856e-27, 0.41550148154570143, 1.02898185276838e-28], 'ndcg_10_results': [0.051725433215156894, 4.957300596335668e-06, 2.8723621903321043e-07, 7.340496638854409e-05, 2.731410854560616e-08, 0.40995483274414024, 6.363713449276887e-22]}
iteration 7:
prediction ranks:  [6, 140, 189, 156, 96, 164, 193, 144, 185, 199]
NDCG@1: 0.03125
NDCG@3: 0.021694385266603403
NDCG@5: 0.020579820851375615
NDCG@10: 0.020305094902777286
results:  {'ndcg_1_results': [0.03125, 7.62939453125e-06, 1.2732289258503896e-57, 1.6543612251060553e-24, 5.096649512568275e-57, 2.938735877055719e-39, 1.0194543628192122e-56, 0.03125], 'ndcg_3_results': [0.021694385266613266, 5.296480777979346e-06, 2.1505224550711916e-08, 7.465324010466092e-05, 2.8305361933839677e-27, 0.4380042608045553, 2.0594861368473967e-38, 0.021694385266603403], 'ndcg_5_results': [0.05242526672633942, 5.024372388678245e-06, 2.911224602218795e-07, 7.08178769966761e-05, 2.6860103515065856e-27, 0.41550148154570143, 1.02898185276838e-28, 0.020579820851375615], 'ndcg_10_results': [0.051725433215156894, 4.957300596335668e-06, 2.8723621903321043e-07, 7.340496638854409e-05, 2.731410854560616e-08, 0.40995483274414024, 6.363713449276887e-22, 0.020305094902777286]}
iteration 8:
prediction ranks:  [188, 23, 88, 191, 33, 35, 190, 161, 128, 152]
NDCG@1: 5.096649512568275e-57
NDCG@3: 1.044283535014522e-07
NDCG@5: 9.912258961000424e-08
NDCG@10: 9.781284582586256e-08
results:  {'ndcg_1_results': [0.03125, 7.62939453125e-06, 1.2732289258503896e-57, 1.6543612251060553e-24, 5.096649512568275e-57, 2.938735877055719e-39, 1.0194543628192122e-56, 0.03125, 5.096649512568275e-57], 'ndcg_3_results': [0.021694385266613266, 5.296480777979346e-06, 2.1505224550711916e-08, 7.465324010466092e-05, 2.8305361933839677e-27, 0.4380042608045553, 2.0594861368473967e-38, 0.021694385266603403, 1.044283535014522e-07], 'ndcg_5_results': [0.05242526672633942, 5.024372388678245e-06, 2.911224602218795e-07, 7.08178769966761e-05, 2.6860103515065856e-27, 0.41550148154570143, 1.02898185276838e-28, 0.020579820851375615, 9.912258961000424e-08], 'ndcg_10_results': [0.051725433215156894, 4.957300596335668e-06, 2.8723621903321043e-07, 7.340496638854409e-05, 2.731410854560616e-08, 0.40995483274414024, 6.363713449276887e-22, 0.020305094902777286, 9.781284582586256e-08]}
iteration 9:
prediction ranks:  [168, 31, 149, 39, 41, 99, 137, 50, 87, 34]
NDCG@1: 5.345529418939788e-51
NDCG@3: 4.0792325586504765e-10
NDCG@5: 3.88229433347335e-10
NDCG@10: 4.049127605035308e-10
results:  {'ndcg_1_results': [0.03125, 7.62939453125e-06, 1.2732289258503896e-57, 1.6543612251060553e-24, 5.096649512568275e-57, 2.938735877055719e-39, 1.0194543628192122e-56, 0.03125, 5.096649512568275e-57, 5.345529418939788e-51], 'ndcg_3_results': [0.021694385266613266, 5.296480777979346e-06, 2.1505224550711916e-08, 7.465324010466092e-05, 2.8305361933839677e-27, 0.4380042608045553, 2.0594861368473967e-38, 0.021694385266603403, 1.044283535014522e-07, 4.0792325586504765e-10], 'ndcg_5_results': [0.05242526672633942, 5.024372388678245e-06, 2.911224602218795e-07, 7.08178769966761e-05, 2.6860103515065856e-27, 0.41550148154570143, 1.02898185276838e-28, 0.020579820851375615, 9.912258961000424e-08, 3.88229433347335e-10], 'ndcg_10_results': [0.051725433215156894, 4.957300596335668e-06, 2.8723621903321043e-07, 7.340496638854409e-05, 2.731410854560616e-08, 0.40995483274414024, 6.363713449276887e-22, 0.020305094902777286, 9.781284582586256e-08, 4.049127605035308e-10]}
iteration 10:
prediction ranks:  [93, 73, 59, 18, 153, 132, 67, 170, 29, 27]
NDCG@1: 2.0194839173657902e-28
NDCG@3: 1.2043730525537747e-18
NDCG@5: 2.163878518076703e-06
NDCG@10: 2.1385197315412926e-06
results:  {'ndcg_1_results': [0.03125, 7.62939453125e-06, 1.2732289258503896e-57, 1.6543612251060553e-24, 5.096649512568275e-57, 2.938735877055719e-39, 1.0194543628192122e-56, 0.03125, 5.096649512568275e-57, 5.345529418939788e-51, 2.0194839173657902e-28], 'ndcg_3_results': [0.021694385266613266, 5.296480777979346e-06, 2.1505224550711916e-08, 7.465324010466092e-05, 2.8305361933839677e-27, 0.4380042608045553, 2.0594861368473967e-38, 0.021694385266603403, 1.044283535014522e-07, 4.0792325586504765e-10, 1.2043730525537747e-18], 'ndcg_5_results': [0.05242526672633942, 5.024372388678245e-06, 2.911224602218795e-07, 7.08178769966761e-05, 2.6860103515065856e-27, 0.41550148154570143, 1.02898185276838e-28, 0.020579820851375615, 9.912258961000424e-08, 3.88229433347335e-10, 2.163878518076703e-06], 'ndcg_10_results': [0.051725433215156894, 4.957300596335668e-06, 2.8723621903321043e-07, 7.340496638854409e-05, 2.731410854560616e-08, 0.40995483274414024, 6.363713449276887e-22, 0.020305094902777286, 9.781284582586256e-08, 4.049127605035308e-10, 2.1385197315412926e-06]}
iteration 11:
prediction ranks:  [43, 143, 30, 98, 51, 110, 65, 191, 2, 162]
NDCG@1: 2.2737367544323206e-13
NDCG@3: 6.467009111458475e-10
NDCG@5: 6.134764198734347e-10
NDCG@10: 0.0977990826939233
results:  {'ndcg_1_results': [0.03125, 7.62939453125e-06, 1.2732289258503896e-57, 1.6543612251060553e-24, 5.096649512568275e-57, 2.938735877055719e-39, 1.0194543628192122e-56, 0.03125, 5.096649512568275e-57, 5.345529418939788e-51, 2.0194839173657902e-28, 2.2737367544323206e-13], 'ndcg_3_results': [0.021694385266613266, 5.296480777979346e-06, 2.1505224550711916e-08, 7.465324010466092e-05, 2.8305361933839677e-27, 0.4380042608045553, 2.0594861368473967e-38, 0.021694385266603403, 1.044283535014522e-07, 4.0792325586504765e-10, 1.2043730525537747e-18, 6.467009111458475e-10], 'ndcg_5_results': [0.05242526672633942, 5.024372388678245e-06, 2.911224602218795e-07, 7.08178769966761e-05, 2.6860103515065856e-27, 0.41550148154570143, 1.02898185276838e-28, 0.020579820851375615, 9.912258961000424e-08, 3.88229433347335e-10, 2.163878518076703e-06, 6.134764198734347e-10], 'ndcg_10_results': [0.051725433215156894, 4.957300596335668e-06, 2.8723621903321043e-07, 7.340496638854409e-05, 2.731410854560616e-08, 0.40995483274414024, 6.363713449276887e-22, 0.020305094902777286, 9.781284582586256e-08, 4.049127605035308e-10, 2.1385197315412926e-06, 0.0977990826939233]}
iteration 12:
prediction ranks:  [63, 19, 169, 121, 109, 38, 131, 172, 152, 33]
NDCG@1: 2.168404344971009e-19
NDCG@3: 1.6708536560233857e-06
NDCG@5: 1.5850123655156653e-06
NDCG@10: 1.5638989946201252e-06
results:  {'ndcg_1_results': [0.03125, 7.62939453125e-06, 1.2732289258503896e-57, 1.6543612251060553e-24, 5.096649512568275e-57, 2.938735877055719e-39, 1.0194543628192122e-56, 0.03125, 5.096649512568275e-57, 5.345529418939788e-51, 2.0194839173657902e-28, 2.2737367544323206e-13, 2.168404344971009e-19], 'ndcg_3_results': [0.021694385266613266, 5.296480777979346e-06, 2.1505224550711916e-08, 7.465324010466092e-05, 2.8305361933839677e-27, 0.4380042608045553, 2.0594861368473967e-38, 0.021694385266603403, 1.044283535014522e-07, 4.0792325586504765e-10, 1.2043730525537747e-18, 6.467009111458475e-10, 1.6708536560233857e-06], 'ndcg_5_results': [0.05242526672633942, 5.024372388678245e-06, 2.911224602218795e-07, 7.08178769966761e-05, 2.6860103515065856e-27, 0.41550148154570143, 1.02898185276838e-28, 0.020579820851375615, 9.912258961000424e-08, 3.88229433347335e-10, 2.163878518076703e-06, 6.134764198734347e-10, 1.5850123655156653e-06], 'ndcg_10_results': [0.051725433215156894, 4.957300596335668e-06, 2.8723621903321043e-07, 7.340496638854409e-05, 2.731410854560616e-08, 0.40995483274414024, 6.363713449276887e-22, 0.020305094902777286, 9.781284582586256e-08, 4.049127605035308e-10, 2.1385197315412926e-06, 0.0977990826939233, 1.5638989946201252e-06]}
iteration 13:
prediction ranks:  [24, 1, 21, 7, 69, 18, 55, 5, 33, 63]
NDCG@1: 1.1920928955078125e-07
NDCG@3: 0.43800467459211573
NDCG@5: 0.4199334972796515
NDCG@10: 0.4271405386193009
results:  {'ndcg_1_results': [0.03125, 7.62939453125e-06, 1.2732289258503896e-57, 1.6543612251060553e-24, 5.096649512568275e-57, 2.938735877055719e-39, 1.0194543628192122e-56, 0.03125, 5.096649512568275e-57, 5.345529418939788e-51, 2.0194839173657902e-28, 2.2737367544323206e-13, 2.168404344971009e-19, 1.1920928955078125e-07], 'ndcg_3_results': [0.021694385266613266, 5.296480777979346e-06, 2.1505224550711916e-08, 7.465324010466092e-05, 2.8305361933839677e-27, 0.4380042608045553, 2.0594861368473967e-38, 0.021694385266603403, 1.044283535014522e-07, 4.0792325586504765e-10, 1.2043730525537747e-18, 6.467009111458475e-10, 1.6708536560233857e-06, 0.43800467459211573], 'ndcg_5_results': [0.05242526672633942, 5.024372388678245e-06, 2.911224602218795e-07, 7.08178769966761e-05, 2.6860103515065856e-27, 0.41550148154570143, 1.02898185276838e-28, 0.020579820851375615, 9.912258961000424e-08, 3.88229433347335e-10, 2.163878518076703e-06, 6.134764198734347e-10, 1.5850123655156653e-06, 0.4199334972796515], 'ndcg_10_results': [0.051725433215156894, 4.957300596335668e-06, 2.8723621903321043e-07, 7.340496638854409e-05, 2.731410854560616e-08, 0.40995483274414024, 6.363713449276887e-22, 0.020305094902777286, 9.781284582586256e-08, 4.049127605035308e-10, 2.1385197315412926e-06, 0.0977990826939233, 1.5638989946201252e-06, 0.4271405386193009]}
iteration 14:
prediction ranks:  [116, 198, 48, 155, 120, 139, 130, 124, 46, 123]
NDCG@1: 2.407412430484045e-35
NDCG@3: 2.4663660572745587e-15
NDCG@5: 2.3396547534702693e-15
NDCG@10: 7.867656216500958e-15
results:  {'ndcg_1_results': [0.03125, 7.62939453125e-06, 1.2732289258503896e-57, 1.6543612251060553e-24, 5.096649512568275e-57, 2.938735877055719e-39, 1.0194543628192122e-56, 0.03125, 5.096649512568275e-57, 5.345529418939788e-51, 2.0194839173657902e-28, 2.2737367544323206e-13, 2.168404344971009e-19, 1.1920928955078125e-07, 2.407412430484045e-35], 'ndcg_3_results': [0.021694385266613266, 5.296480777979346e-06, 2.1505224550711916e-08, 7.465324010466092e-05, 2.8305361933839677e-27, 0.4380042608045553, 2.0594861368473967e-38, 0.021694385266603403, 1.044283535014522e-07, 4.0792325586504765e-10, 1.2043730525537747e-18, 6.467009111458475e-10, 1.6708536560233857e-06, 0.43800467459211573, 2.4663660572745587e-15], 'ndcg_5_results': [0.05242526672633942, 5.024372388678245e-06, 2.911224602218795e-07, 7.08178769966761e-05, 2.6860103515065856e-27, 0.41550148154570143, 1.02898185276838e-28, 0.020579820851375615, 9.912258961000424e-08, 3.88229433347335e-10, 2.163878518076703e-06, 6.134764198734347e-10, 1.5850123655156653e-06, 0.4199334972796515, 2.3396547534702693e-15], 'ndcg_10_results': [0.051725433215156894, 4.957300596335668e-06, 2.8723621903321043e-07, 7.340496638854409e-05, 2.731410854560616e-08, 0.40995483274414024, 6.363713449276887e-22, 0.020305094902777286, 9.781284582586256e-08, 4.049127605035308e-10, 2.1385197315412926e-06, 0.0977990826939233, 1.5638989946201252e-06, 0.4271405386193009, 7.867656216500958e-15]}
iteration 15:
prediction ranks:  [67, 27, 112, 189, 186, 187, 188, 9, 11, 157]
NDCG@1: 1.3552527156068805e-20
NDCG@3: 6.526772093850171e-09
NDCG@5: 6.191454552803935e-09
NDCG@10: 0.0009917129737108087
results:  {'ndcg_1_results': [0.03125, 7.62939453125e-06, 1.2732289258503896e-57, 1.6543612251060553e-24, 5.096649512568275e-57, 2.938735877055719e-39, 1.0194543628192122e-56, 0.03125, 5.096649512568275e-57, 5.345529418939788e-51, 2.0194839173657902e-28, 2.2737367544323206e-13, 2.168404344971009e-19, 1.1920928955078125e-07, 2.407412430484045e-35, 1.3552527156068805e-20], 'ndcg_3_results': [0.021694385266613266, 5.296480777979346e-06, 2.1505224550711916e-08, 7.465324010466092e-05, 2.8305361933839677e-27, 0.4380042608045553, 2.0594861368473967e-38, 0.021694385266603403, 1.044283535014522e-07, 4.0792325586504765e-10, 1.2043730525537747e-18, 6.467009111458475e-10, 1.6708536560233857e-06, 0.43800467459211573, 2.4663660572745587e-15, 6.526772093850171e-09], 'ndcg_5_results': [0.05242526672633942, 5.024372388678245e-06, 2.911224602218795e-07, 7.08178769966761e-05, 2.6860103515065856e-27, 0.41550148154570143, 1.02898185276838e-28, 0.020579820851375615, 9.912258961000424e-08, 3.88229433347335e-10, 2.163878518076703e-06, 6.134764198734347e-10, 1.5850123655156653e-06, 0.4199334972796515, 2.3396547534702693e-15, 6.191454552803935e-09], 'ndcg_10_results': [0.051725433215156894, 4.957300596335668e-06, 2.8723621903321043e-07, 7.340496638854409e-05, 2.731410854560616e-08, 0.40995483274414024, 6.363713449276887e-22, 0.020305094902777286, 9.781284582586256e-08, 4.049127605035308e-10, 2.1385197315412926e-06, 0.0977990826939233, 1.5638989946201252e-06, 0.4271405386193009, 7.867656216500958e-15, 0.0009917129737108087]}
iteration 16:
prediction ranks:  [98, 17, 61, 119, 92, 131, 31, 59, 190, 94]
NDCG@1: 6.310887241768095e-30
NDCG@3: 6.683414624093242e-06
NDCG@5: 6.340049462062376e-06
NDCG@10: 6.255616030991074e-06
results:  {'ndcg_1_results': [0.03125, 7.62939453125e-06, 1.2732289258503896e-57, 1.6543612251060553e-24, 5.096649512568275e-57, 2.938735877055719e-39, 1.0194543628192122e-56, 0.03125, 5.096649512568275e-57, 5.345529418939788e-51, 2.0194839173657902e-28, 2.2737367544323206e-13, 2.168404344971009e-19, 1.1920928955078125e-07, 2.407412430484045e-35, 1.3552527156068805e-20, 6.310887241768095e-30], 'ndcg_3_results': [0.021694385266613266, 5.296480777979346e-06, 2.1505224550711916e-08, 7.465324010466092e-05, 2.8305361933839677e-27, 0.4380042608045553, 2.0594861368473967e-38, 0.021694385266603403, 1.044283535014522e-07, 4.0792325586504765e-10, 1.2043730525537747e-18, 6.467009111458475e-10, 1.6708536560233857e-06, 0.43800467459211573, 2.4663660572745587e-15, 6.526772093850171e-09, 6.683414624093242e-06], 'ndcg_5_results': [0.05242526672633942, 5.024372388678245e-06, 2.911224602218795e-07, 7.08178769966761e-05, 2.6860103515065856e-27, 0.41550148154570143, 1.02898185276838e-28, 0.020579820851375615, 9.912258961000424e-08, 3.88229433347335e-10, 2.163878518076703e-06, 6.134764198734347e-10, 1.5850123655156653e-06, 0.4199334972796515, 2.3396547534702693e-15, 6.191454552803935e-09, 6.340049462062376e-06], 'ndcg_10_results': [0.051725433215156894, 4.957300596335668e-06, 2.8723621903321043e-07, 7.340496638854409e-05, 2.731410854560616e-08, 0.40995483274414024, 6.363713449276887e-22, 0.020305094902777286, 9.781284582586256e-08, 4.049127605035308e-10, 2.1385197315412926e-06, 0.0977990826939233, 1.5638989946201252e-06, 0.4271405386193009, 7.867656216500958e-15, 0.0009917129737108087, 6.255616030991074e-06]}
iteration 17:
prediction ranks:  [98, 12, 3, 26, 14, 102, 109, 55, 1, 138]
NDCG@1: 6.310887241768095e-30
NDCG@3: 0.08699141033438458
NDCG@5: 0.08255327250917618
NDCG@10: 0.2770494093042007
results:  {'ndcg_1_results': [0.03125, 7.62939453125e-06, 1.2732289258503896e-57, 1.6543612251060553e-24, 5.096649512568275e-57, 2.938735877055719e-39, 1.0194543628192122e-56, 0.03125, 5.096649512568275e-57, 5.345529418939788e-51, 2.0194839173657902e-28, 2.2737367544323206e-13, 2.168404344971009e-19, 1.1920928955078125e-07, 2.407412430484045e-35, 1.3552527156068805e-20, 6.310887241768095e-30, 6.310887241768095e-30], 'ndcg_3_results': [0.021694385266613266, 5.296480777979346e-06, 2.1505224550711916e-08, 7.465324010466092e-05, 2.8305361933839677e-27, 0.4380042608045553, 2.0594861368473967e-38, 0.021694385266603403, 1.044283535014522e-07, 4.0792325586504765e-10, 1.2043730525537747e-18, 6.467009111458475e-10, 1.6708536560233857e-06, 0.43800467459211573, 2.4663660572745587e-15, 6.526772093850171e-09, 6.683414624093242e-06, 0.08699141033438458], 'ndcg_5_results': [0.05242526672633942, 5.024372388678245e-06, 2.911224602218795e-07, 7.08178769966761e-05, 2.6860103515065856e-27, 0.41550148154570143, 1.02898185276838e-28, 0.020579820851375615, 9.912258961000424e-08, 3.88229433347335e-10, 2.163878518076703e-06, 6.134764198734347e-10, 1.5850123655156653e-06, 0.4199334972796515, 2.3396547534702693e-15, 6.191454552803935e-09, 6.340049462062376e-06, 0.08255327250917618], 'ndcg_10_results': [0.051725433215156894, 4.957300596335668e-06, 2.8723621903321043e-07, 7.340496638854409e-05, 2.731410854560616e-08, 0.40995483274414024, 6.363713449276887e-22, 0.020305094902777286, 9.781284582586256e-08, 4.049127605035308e-10, 2.1385197315412926e-06, 0.0977990826939233, 1.5638989946201252e-06, 0.4271405386193009, 7.867656216500958e-15, 0.0009917129737108087, 6.255616030991074e-06, 0.2770494093042007]}
iteration 18:
prediction ranks:  [93, 164, 161, 60, 151, 173, 121, 185, 101, 188]
NDCG@1: 2.0194839173657902e-28
NDCG@3: 1.4019667885773735e-28
NDCG@5: 4.920090120004885e-19
NDCG@10: 4.854410421666523e-19
results:  {'ndcg_1_results': [0.03125, 7.62939453125e-06, 1.2732289258503896e-57, 1.6543612251060553e-24, 5.096649512568275e-57, 2.938735877055719e-39, 1.0194543628192122e-56, 0.03125, 5.096649512568275e-57, 5.345529418939788e-51, 2.0194839173657902e-28, 2.2737367544323206e-13, 2.168404344971009e-19, 1.1920928955078125e-07, 2.407412430484045e-35, 1.3552527156068805e-20, 6.310887241768095e-30, 6.310887241768095e-30, 2.0194839173657902e-28], 'ndcg_3_results': [0.021694385266613266, 5.296480777979346e-06, 2.1505224550711916e-08, 7.465324010466092e-05, 2.8305361933839677e-27, 0.4380042608045553, 2.0594861368473967e-38, 0.021694385266603403, 1.044283535014522e-07, 4.0792325586504765e-10, 1.2043730525537747e-18, 6.467009111458475e-10, 1.6708536560233857e-06, 0.43800467459211573, 2.4663660572745587e-15, 6.526772093850171e-09, 6.683414624093242e-06, 0.08699141033438458, 1.4019667885773735e-28], 'ndcg_5_results': [0.05242526672633942, 5.024372388678245e-06, 2.911224602218795e-07, 7.08178769966761e-05, 2.6860103515065856e-27, 0.41550148154570143, 1.02898185276838e-28, 0.020579820851375615, 9.912258961000424e-08, 3.88229433347335e-10, 2.163878518076703e-06, 6.134764198734347e-10, 1.5850123655156653e-06, 0.4199334972796515, 2.3396547534702693e-15, 6.191454552803935e-09, 6.340049462062376e-06, 0.08255327250917618, 4.920090120004885e-19], 'ndcg_10_results': [0.051725433215156894, 4.957300596335668e-06, 2.8723621903321043e-07, 7.340496638854409e-05, 2.731410854560616e-08, 0.40995483274414024, 6.363713449276887e-22, 0.020305094902777286, 9.781284582586256e-08, 4.049127605035308e-10, 2.1385197315412926e-06, 0.0977990826939233, 1.5638989946201252e-06, 0.4271405386193009, 7.867656216500958e-15, 0.0009917129737108087, 6.255616030991074e-06, 0.2770494093042007, 4.854410421666523e-19]}
iteration 19:
prediction ranks:  [18, 25, 32, 96, 100, 58, 50, 159, 71, 46]
NDCG@1: 7.62939453125e-06
NDCG@3: 5.322749502120638e-06
NDCG@5: 5.049289474867978e-06
NDCG@10: 4.9818850628987425e-06
results:  {'ndcg_1_results': [0.03125, 7.62939453125e-06, 1.2732289258503896e-57, 1.6543612251060553e-24, 5.096649512568275e-57, 2.938735877055719e-39, 1.0194543628192122e-56, 0.03125, 5.096649512568275e-57, 5.345529418939788e-51, 2.0194839173657902e-28, 2.2737367544323206e-13, 2.168404344971009e-19, 1.1920928955078125e-07, 2.407412430484045e-35, 1.3552527156068805e-20, 6.310887241768095e-30, 6.310887241768095e-30, 2.0194839173657902e-28, 7.62939453125e-06], 'ndcg_3_results': [0.021694385266613266, 5.296480777979346e-06, 2.1505224550711916e-08, 7.465324010466092e-05, 2.8305361933839677e-27, 0.4380042608045553, 2.0594861368473967e-38, 0.021694385266603403, 1.044283535014522e-07, 4.0792325586504765e-10, 1.2043730525537747e-18, 6.467009111458475e-10, 1.6708536560233857e-06, 0.43800467459211573, 2.4663660572745587e-15, 6.526772093850171e-09, 6.683414624093242e-06, 0.08699141033438458, 1.4019667885773735e-28, 5.322749502120638e-06], 'ndcg_5_results': [0.05242526672633942, 5.024372388678245e-06, 2.911224602218795e-07, 7.08178769966761e-05, 2.6860103515065856e-27, 0.41550148154570143, 1.02898185276838e-28, 0.020579820851375615, 9.912258961000424e-08, 3.88229433347335e-10, 2.163878518076703e-06, 6.134764198734347e-10, 1.5850123655156653e-06, 0.4199334972796515, 2.3396547534702693e-15, 6.191454552803935e-09, 6.340049462062376e-06, 0.08255327250917618, 4.920090120004885e-19, 5.049289474867978e-06], 'ndcg_10_results': [0.051725433215156894, 4.957300596335668e-06, 2.8723621903321043e-07, 7.340496638854409e-05, 2.731410854560616e-08, 0.40995483274414024, 6.363713449276887e-22, 0.020305094902777286, 9.781284582586256e-08, 4.049127605035308e-10, 2.1385197315412926e-06, 0.0977990826939233, 1.5638989946201252e-06, 0.4271405386193009, 7.867656216500958e-15, 0.0009917129737108087, 6.255616030991074e-06, 0.2770494093042007, 4.854410421666523e-19, 4.9818850628987425e-06]}
iteration 20:
prediction ranks:  [21, 2, 57, 192, 23, 192, 105, 158, 136, 19]
NDCG@1: 9.5367431640625e-07
NDCG@3: 0.21900279246237472
NDCG@5: 0.20775142955950884
NDCG@10: 0.20497881245424
results:  {'ndcg_1_results': [0.03125, 7.62939453125e-06, 1.2732289258503896e-57, 1.6543612251060553e-24, 5.096649512568275e-57, 2.938735877055719e-39, 1.0194543628192122e-56, 0.03125, 5.096649512568275e-57, 5.345529418939788e-51, 2.0194839173657902e-28, 2.2737367544323206e-13, 2.168404344971009e-19, 1.1920928955078125e-07, 2.407412430484045e-35, 1.3552527156068805e-20, 6.310887241768095e-30, 6.310887241768095e-30, 2.0194839173657902e-28, 7.62939453125e-06, 9.5367431640625e-07], 'ndcg_3_results': [0.021694385266613266, 5.296480777979346e-06, 2.1505224550711916e-08, 7.465324010466092e-05, 2.8305361933839677e-27, 0.4380042608045553, 2.0594861368473967e-38, 0.021694385266603403, 1.044283535014522e-07, 4.0792325586504765e-10, 1.2043730525537747e-18, 6.467009111458475e-10, 1.6708536560233857e-06, 0.43800467459211573, 2.4663660572745587e-15, 6.526772093850171e-09, 6.683414624093242e-06, 0.08699141033438458, 1.4019667885773735e-28, 5.322749502120638e-06, 0.21900279246237472], 'ndcg_5_results': [0.05242526672633942, 5.024372388678245e-06, 2.911224602218795e-07, 7.08178769966761e-05, 2.6860103515065856e-27, 0.41550148154570143, 1.02898185276838e-28, 0.020579820851375615, 9.912258961000424e-08, 3.88229433347335e-10, 2.163878518076703e-06, 6.134764198734347e-10, 1.5850123655156653e-06, 0.4199334972796515, 2.3396547534702693e-15, 6.191454552803935e-09, 6.340049462062376e-06, 0.08255327250917618, 4.920090120004885e-19, 5.049289474867978e-06, 0.20775142955950884], 'ndcg_10_results': [0.051725433215156894, 4.957300596335668e-06, 2.8723621903321043e-07, 7.340496638854409e-05, 2.731410854560616e-08, 0.40995483274414024, 6.363713449276887e-22, 0.020305094902777286, 9.781284582586256e-08, 4.049127605035308e-10, 2.1385197315412926e-06, 0.0977990826939233, 1.5638989946201252e-06, 0.4271405386193009, 7.867656216500958e-15, 0.0009917129737108087, 6.255616030991074e-06, 0.2770494093042007, 4.854410421666523e-19, 4.9818850628987425e-06, 0.20497881245424]}
iteration 21:
prediction ranks:  [149, 118, 74, 103, 133, 30, 22, 63, 72, 145]
NDCG@1: 2.802596928649633e-45
NDCG@3: 3.6751718182485334e-23
NDCG@5: 3.486357267534984e-23
NDCG@10: 1.0370816304944093e-07
results:  {'ndcg_1_results': [0.03125, 7.62939453125e-06, 1.2732289258503896e-57, 1.6543612251060553e-24, 5.096649512568275e-57, 2.938735877055719e-39, 1.0194543628192122e-56, 0.03125, 5.096649512568275e-57, 5.345529418939788e-51, 2.0194839173657902e-28, 2.2737367544323206e-13, 2.168404344971009e-19, 1.1920928955078125e-07, 2.407412430484045e-35, 1.3552527156068805e-20, 6.310887241768095e-30, 6.310887241768095e-30, 2.0194839173657902e-28, 7.62939453125e-06, 9.5367431640625e-07, 2.802596928649633e-45], 'ndcg_3_results': [0.021694385266613266, 5.296480777979346e-06, 2.1505224550711916e-08, 7.465324010466092e-05, 2.8305361933839677e-27, 0.4380042608045553, 2.0594861368473967e-38, 0.021694385266603403, 1.044283535014522e-07, 4.0792325586504765e-10, 1.2043730525537747e-18, 6.467009111458475e-10, 1.6708536560233857e-06, 0.43800467459211573, 2.4663660572745587e-15, 6.526772093850171e-09, 6.683414624093242e-06, 0.08699141033438458, 1.4019667885773735e-28, 5.322749502120638e-06, 0.21900279246237472, 3.6751718182485334e-23], 'ndcg_5_results': [0.05242526672633942, 5.024372388678245e-06, 2.911224602218795e-07, 7.08178769966761e-05, 2.6860103515065856e-27, 0.41550148154570143, 1.02898185276838e-28, 0.020579820851375615, 9.912258961000424e-08, 3.88229433347335e-10, 2.163878518076703e-06, 6.134764198734347e-10, 1.5850123655156653e-06, 0.4199334972796515, 2.3396547534702693e-15, 6.191454552803935e-09, 6.340049462062376e-06, 0.08255327250917618, 4.920090120004885e-19, 5.049289474867978e-06, 0.20775142955950884, 3.486357267534984e-23], 'ndcg_10_results': [0.051725433215156894, 4.957300596335668e-06, 2.8723621903321043e-07, 7.340496638854409e-05, 2.731410854560616e-08, 0.40995483274414024, 6.363713449276887e-22, 0.020305094902777286, 9.781284582586256e-08, 4.049127605035308e-10, 2.1385197315412926e-06, 0.0977990826939233, 1.5638989946201252e-06, 0.4271405386193009, 7.867656216500958e-15, 0.0009917129737108087, 6.255616030991074e-06, 0.2770494093042007, 4.854410421666523e-19, 4.9818850628987425e-06, 0.20497881245424, 1.0370816304944093e-07]}
iteration 22:
prediction ranks:  [129, 191, 54, 5, 170, 99, 122, 163, 103, 95]
NDCG@1: 2.938735877055719e-39
NDCG@3: 3.853696964491498e-17
NDCG@5: 0.01772649282007503
NDCG@10: 0.017489856768163475
results:  {'ndcg_1_results': [0.03125, 7.62939453125e-06, 1.2732289258503896e-57, 1.6543612251060553e-24, 5.096649512568275e-57, 2.938735877055719e-39, 1.0194543628192122e-56, 0.03125, 5.096649512568275e-57, 5.345529418939788e-51, 2.0194839173657902e-28, 2.2737367544323206e-13, 2.168404344971009e-19, 1.1920928955078125e-07, 2.407412430484045e-35, 1.3552527156068805e-20, 6.310887241768095e-30, 6.310887241768095e-30, 2.0194839173657902e-28, 7.62939453125e-06, 9.5367431640625e-07, 2.802596928649633e-45, 2.938735877055719e-39], 'ndcg_3_results': [0.021694385266613266, 5.296480777979346e-06, 2.1505224550711916e-08, 7.465324010466092e-05, 2.8305361933839677e-27, 0.4380042608045553, 2.0594861368473967e-38, 0.021694385266603403, 1.044283535014522e-07, 4.0792325586504765e-10, 1.2043730525537747e-18, 6.467009111458475e-10, 1.6708536560233857e-06, 0.43800467459211573, 2.4663660572745587e-15, 6.526772093850171e-09, 6.683414624093242e-06, 0.08699141033438458, 1.4019667885773735e-28, 5.322749502120638e-06, 0.21900279246237472, 3.6751718182485334e-23, 3.853696964491498e-17], 'ndcg_5_results': [0.05242526672633942, 5.024372388678245e-06, 2.911224602218795e-07, 7.08178769966761e-05, 2.6860103515065856e-27, 0.41550148154570143, 1.02898185276838e-28, 0.020579820851375615, 9.912258961000424e-08, 3.88229433347335e-10, 2.163878518076703e-06, 6.134764198734347e-10, 1.5850123655156653e-06, 0.4199334972796515, 2.3396547534702693e-15, 6.191454552803935e-09, 6.340049462062376e-06, 0.08255327250917618, 4.920090120004885e-19, 5.049289474867978e-06, 0.20775142955950884, 3.486357267534984e-23, 0.01772649282007503], 'ndcg_10_results': [0.051725433215156894, 4.957300596335668e-06, 2.8723621903321043e-07, 7.340496638854409e-05, 2.731410854560616e-08, 0.40995483274414024, 6.363713449276887e-22, 0.020305094902777286, 9.781284582586256e-08, 4.049127605035308e-10, 2.1385197315412926e-06, 0.0977990826939233, 1.5638989946201252e-06, 0.4271405386193009, 7.867656216500958e-15, 0.0009917129737108087, 6.255616030991074e-06, 0.2770494093042007, 4.854410421666523e-19, 4.9818850628987425e-06, 0.20497881245424, 1.0370816304944093e-07, 0.017489856768163475]}
iteration 23:
prediction ranks:  [113, 156, 94, 52, 186, 166, 26, 24, 65, 188]
NDCG@1: 1.925929944387236e-34
NDCG@3: 3.504930341640621e-29
NDCG@5: 1.2595430703811183e-16
NDCG@10: 3.0890028137609287e-08
results:  {'ndcg_1_results': [0.03125, 7.62939453125e-06, 1.2732289258503896e-57, 1.6543612251060553e-24, 5.096649512568275e-57, 2.938735877055719e-39, 1.0194543628192122e-56, 0.03125, 5.096649512568275e-57, 5.345529418939788e-51, 2.0194839173657902e-28, 2.2737367544323206e-13, 2.168404344971009e-19, 1.1920928955078125e-07, 2.407412430484045e-35, 1.3552527156068805e-20, 6.310887241768095e-30, 6.310887241768095e-30, 2.0194839173657902e-28, 7.62939453125e-06, 9.5367431640625e-07, 2.802596928649633e-45, 2.938735877055719e-39, 1.925929944387236e-34], 'ndcg_3_results': [0.021694385266613266, 5.296480777979346e-06, 2.1505224550711916e-08, 7.465324010466092e-05, 2.8305361933839677e-27, 0.4380042608045553, 2.0594861368473967e-38, 0.021694385266603403, 1.044283535014522e-07, 4.0792325586504765e-10, 1.2043730525537747e-18, 6.467009111458475e-10, 1.6708536560233857e-06, 0.43800467459211573, 2.4663660572745587e-15, 6.526772093850171e-09, 6.683414624093242e-06, 0.08699141033438458, 1.4019667885773735e-28, 5.322749502120638e-06, 0.21900279246237472, 3.6751718182485334e-23, 3.853696964491498e-17, 3.504930341640621e-29], 'ndcg_5_results': [0.05242526672633942, 5.024372388678245e-06, 2.911224602218795e-07, 7.08178769966761e-05, 2.6860103515065856e-27, 0.41550148154570143, 1.02898185276838e-28, 0.020579820851375615, 9.912258961000424e-08, 3.88229433347335e-10, 2.163878518076703e-06, 6.134764198734347e-10, 1.5850123655156653e-06, 0.4199334972796515, 2.3396547534702693e-15, 6.191454552803935e-09, 6.340049462062376e-06, 0.08255327250917618, 4.920090120004885e-19, 5.049289474867978e-06, 0.20775142955950884, 3.486357267534984e-23, 0.01772649282007503, 1.2595430703811183e-16], 'ndcg_10_results': [0.051725433215156894, 4.957300596335668e-06, 2.8723621903321043e-07, 7.340496638854409e-05, 2.731410854560616e-08, 0.40995483274414024, 6.363713449276887e-22, 0.020305094902777286, 9.781284582586256e-08, 4.049127605035308e-10, 2.1385197315412926e-06, 0.0977990826939233, 1.5638989946201252e-06, 0.4271405386193009, 7.867656216500958e-15, 0.0009917129737108087, 6.255616030991074e-06, 0.2770494093042007, 4.854410421666523e-19, 4.9818850628987425e-06, 0.20497881245424, 1.0370816304944093e-07, 0.017489856768163475, 3.0890028137609287e-08]}
iteration 24:
prediction ranks:  [186, 100, 46, 11, 185, 146, 127, 172, 192, 2]
NDCG@1: 2.0390331859439817e-56
NDCG@3: 9.865464229098235e-15
NDCG@5: 0.00027697645032303034
NDCG@10: 0.09418509871504453
results:  {'ndcg_1_results': [0.03125, 7.62939453125e-06, 1.2732289258503896e-57, 1.6543612251060553e-24, 5.096649512568275e-57, 2.938735877055719e-39, 1.0194543628192122e-56, 0.03125, 5.096649512568275e-57, 5.345529418939788e-51, 2.0194839173657902e-28, 2.2737367544323206e-13, 2.168404344971009e-19, 1.1920928955078125e-07, 2.407412430484045e-35, 1.3552527156068805e-20, 6.310887241768095e-30, 6.310887241768095e-30, 2.0194839173657902e-28, 7.62939453125e-06, 9.5367431640625e-07, 2.802596928649633e-45, 2.938735877055719e-39, 1.925929944387236e-34, 2.0390331859439817e-56], 'ndcg_3_results': [0.021694385266613266, 5.296480777979346e-06, 2.1505224550711916e-08, 7.465324010466092e-05, 2.8305361933839677e-27, 0.4380042608045553, 2.0594861368473967e-38, 0.021694385266603403, 1.044283535014522e-07, 4.0792325586504765e-10, 1.2043730525537747e-18, 6.467009111458475e-10, 1.6708536560233857e-06, 0.43800467459211573, 2.4663660572745587e-15, 6.526772093850171e-09, 6.683414624093242e-06, 0.08699141033438458, 1.4019667885773735e-28, 5.322749502120638e-06, 0.21900279246237472, 3.6751718182485334e-23, 3.853696964491498e-17, 3.504930341640621e-29, 9.865464229098235e-15], 'ndcg_5_results': [0.05242526672633942, 5.024372388678245e-06, 2.911224602218795e-07, 7.08178769966761e-05, 2.6860103515065856e-27, 0.41550148154570143, 1.02898185276838e-28, 0.020579820851375615, 9.912258961000424e-08, 3.88229433347335e-10, 2.163878518076703e-06, 6.134764198734347e-10, 1.5850123655156653e-06, 0.4199334972796515, 2.3396547534702693e-15, 6.191454552803935e-09, 6.340049462062376e-06, 0.08255327250917618, 4.920090120004885e-19, 5.049289474867978e-06, 0.20775142955950884, 3.486357267534984e-23, 0.01772649282007503, 1.2595430703811183e-16, 0.00027697645032303034], 'ndcg_10_results': [0.051725433215156894, 4.957300596335668e-06, 2.8723621903321043e-07, 7.340496638854409e-05, 2.731410854560616e-08, 0.40995483274414024, 6.363713449276887e-22, 0.020305094902777286, 9.781284582586256e-08, 4.049127605035308e-10, 2.1385197315412926e-06, 0.0977990826939233, 1.5638989946201252e-06, 0.4271405386193009, 7.867656216500958e-15, 0.0009917129737108087, 6.255616030991074e-06, 0.2770494093042007, 4.854410421666523e-19, 4.9818850628987425e-06, 0.20497881245424, 1.0370816304944093e-07, 0.017489856768163475, 3.0890028137609287e-08, 0.09418509871504453]}
iteration 25:
prediction ranks:  [98, 7, 47, 168, 155, 104, 34, 8, 192, 196]
NDCG@1: 6.310887241768095e-30
NDCG@3: 0.006843816575076104
NDCG@5: 0.00649221064915626
NDCG@10: 0.008006930352252698
results:  {'ndcg_1_results': [0.03125, 7.62939453125e-06, 1.2732289258503896e-57, 1.6543612251060553e-24, 5.096649512568275e-57, 2.938735877055719e-39, 1.0194543628192122e-56, 0.03125, 5.096649512568275e-57, 5.345529418939788e-51, 2.0194839173657902e-28, 2.2737367544323206e-13, 2.168404344971009e-19, 1.1920928955078125e-07, 2.407412430484045e-35, 1.3552527156068805e-20, 6.310887241768095e-30, 6.310887241768095e-30, 2.0194839173657902e-28, 7.62939453125e-06, 9.5367431640625e-07, 2.802596928649633e-45, 2.938735877055719e-39, 1.925929944387236e-34, 2.0390331859439817e-56, 6.310887241768095e-30], 'ndcg_3_results': [0.021694385266613266, 5.296480777979346e-06, 2.1505224550711916e-08, 7.465324010466092e-05, 2.8305361933839677e-27, 0.4380042608045553, 2.0594861368473967e-38, 0.021694385266603403, 1.044283535014522e-07, 4.0792325586504765e-10, 1.2043730525537747e-18, 6.467009111458475e-10, 1.6708536560233857e-06, 0.43800467459211573, 2.4663660572745587e-15, 6.526772093850171e-09, 6.683414624093242e-06, 0.08699141033438458, 1.4019667885773735e-28, 5.322749502120638e-06, 0.21900279246237472, 3.6751718182485334e-23, 3.853696964491498e-17, 3.504930341640621e-29, 9.865464229098235e-15, 0.006843816575076104], 'ndcg_5_results': [0.05242526672633942, 5.024372388678245e-06, 2.911224602218795e-07, 7.08178769966761e-05, 2.6860103515065856e-27, 0.41550148154570143, 1.02898185276838e-28, 0.020579820851375615, 9.912258961000424e-08, 3.88229433347335e-10, 2.163878518076703e-06, 6.134764198734347e-10, 1.5850123655156653e-06, 0.4199334972796515, 2.3396547534702693e-15, 6.191454552803935e-09, 6.340049462062376e-06, 0.08255327250917618, 4.920090120004885e-19, 5.049289474867978e-06, 0.20775142955950884, 3.486357267534984e-23, 0.01772649282007503, 1.2595430703811183e-16, 0.00027697645032303034, 0.00649221064915626], 'ndcg_10_results': [0.051725433215156894, 4.957300596335668e-06, 2.8723621903321043e-07, 7.340496638854409e-05, 2.731410854560616e-08, 0.40995483274414024, 6.363713449276887e-22, 0.020305094902777286, 9.781284582586256e-08, 4.049127605035308e-10, 2.1385197315412926e-06, 0.0977990826939233, 1.5638989946201252e-06, 0.4271405386193009, 7.867656216500958e-15, 0.0009917129737108087, 6.255616030991074e-06, 0.2770494093042007, 4.854410421666523e-19, 4.9818850628987425e-06, 0.20497881245424, 1.0370816304944093e-07, 0.017489856768163475, 3.0890028137609287e-08, 0.09418509871504453, 0.008006930352252698]}
key ndcg_1_results
key ndcg_3_results
key ndcg_5_results
key ndcg_10_results
