

Reranking method: sliding_windows
Fetching websites...
Initial shuffle:
[1, 2, 3, 4, 5, 6, 7, 8, 9, 10, 11, 12, 13, 14, 15, 16, 17, 18, 19, 20, 21, 22, 23, 24, 25, 26, 27, 28, 29, 30, 31, 32, 33, 34, 35, 36, 37, 38, 39, 40, 41, 42, 43, 44, 45, 46, 47, 48, 49, 50, 51, 52, 53, 54, 55, 56, 57, 58, 59, 60, 61, 62, 63, 64, 65, 66, 67, 68, 69, 70, 71, 72, 73, 74, 92, 93, 94, 95, 97, 80, 98, 99, 100, 101, 85, 86, 87, 88, 89, 102, 103, 92, 93, 94, 95, 96, 97, 98, 99, 100, 101, 102, 103, 104, 105, 106, 107, 108, 109, 110, 111, 112, 113, 114, 115, 116, 117, 118, 119, 120, 121, 122, 123, 124, 125, 126, 127, 128, 129, 130, 131, 132, 133, 134, 135, 136, 137, 138, 139, 140, 141, 142, 143, 144, 145, 146, 147, 148, 149, 150, 151, 152, 153, 154, 155, 156, 157, 158, 159, 160, 161, 162, 163, 164, 165, 166, 167, 168, 169, 170, 171, 172, 173, 174, 175, 185, 187, 186, 188, 189, 190, 191, 192, 193, 185, 186, 187, 188, 189, 190, 191, 192, 193, 194, 195, 196, 197, 198, 199, 200]

reranking iteration 0
reranking iteration 1
reranking iteration 2
reranking iteration 3
reranking iteration 4
reranking iteration 5
reranking iteration 6
reranking iteration 7
reranking iteration 8
reranking iteration 9
reranking iteration 10
reranking iteration 11
reranking iteration 12
reranking iteration 13
reranking iteration 14
reranking iteration 15
reranking iteration 16
reranking iteration 17
reranking iteration 18
reranking iteration 19
reranking iteration 20
reranking iteration 21
reranking iteration 22
reranking iteration 23
reranking iteration 24
iteration 0:
prediction ranks:  [1, 2, 3, 4, 5, 6, 7, 8, 9, 10]
NDCG@1: 1.0
NDCG@3: 1.0
NDCG@5: 1.0
NDCG@10: 1.0
results:  {'ndcg_1_results': [1.0], 'ndcg_3_results': [1.0], 'ndcg_5_results': [1.0], 'ndcg_10_results': [1.0]}
iteration 1:
prediction ranks:  [3, 4, 1, 2, 5, 6, 7, 8, 9, 10]
NDCG@1: 0.25
NDCG@3: 0.575415778999051
NDCG@5: 0.7035880511243044
NDCG@10: 0.707544939496601
results:  {'ndcg_1_results': [1.0, 0.25], 'ndcg_3_results': [1.0, 0.575415778999051], 'ndcg_5_results': [1.0, 0.7035880511243044], 'ndcg_10_results': [1.0, 0.707544939496601]}
iteration 2:
prediction ranks:  [1, 3, 4, 2, 5, 6, 7, 8, 10, 14]
NDCG@1: 1.0
NDCG@3: 0.8471101642656544
NDCG@5: 0.9613239448312733
NDCG@10: 0.9611142995976247
results:  {'ndcg_1_results': [1.0, 0.25, 1.0], 'ndcg_3_results': [1.0, 0.575415778999051, 0.8471101642656544], 'ndcg_5_results': [1.0, 0.7035880511243044, 0.9613239448312733], 'ndcg_10_results': [1.0, 0.707544939496601, 0.9611142995976247]}
iteration 3:
prediction ranks:  [1, 2, 3, 4, 5, 7, 10, 14, 20, 21]
NDCG@1: 1.0
NDCG@3: 1.0
NDCG@5: 1.0
NDCG@10: 0.9907157193708431
results:  {'ndcg_1_results': [1.0, 0.25, 1.0, 1.0], 'ndcg_3_results': [1.0, 0.575415778999051, 0.8471101642656544, 1.0], 'ndcg_5_results': [1.0, 0.7035880511243044, 0.9613239448312733, 1.0], 'ndcg_10_results': [1.0, 0.707544939496601, 0.9611142995976247, 0.9907157193708431]}
iteration 4:
prediction ranks:  [3, 4, 1, 2, 5, 6, 7, 8, 9, 10]
NDCG@1: 0.25
NDCG@3: 0.575415778999051
NDCG@5: 0.7035880511243044
NDCG@10: 0.707544939496601
results:  {'ndcg_1_results': [1.0, 0.25, 1.0, 1.0, 0.25], 'ndcg_3_results': [1.0, 0.575415778999051, 0.8471101642656544, 1.0, 0.575415778999051], 'ndcg_5_results': [1.0, 0.7035880511243044, 0.9613239448312733, 1.0, 0.7035880511243044], 'ndcg_10_results': [1.0, 0.707544939496601, 0.9611142995976247, 0.9907157193708431, 0.707544939496601]}
iteration 5:
prediction ranks:  [1, 3, 4, 11, 21, 17, 5, 10, 7, 2]
NDCG@1: 1.0
NDCG@3: 0.8471101642656544
NDCG@5: 0.8038664987449805
NDCG@10: 0.9040441027311638
results:  {'ndcg_1_results': [1.0, 0.25, 1.0, 1.0, 0.25, 1.0], 'ndcg_3_results': [1.0, 0.575415778999051, 0.8471101642656544, 1.0, 0.575415778999051, 0.8471101642656544], 'ndcg_5_results': [1.0, 0.7035880511243044, 0.9613239448312733, 1.0, 0.7035880511243044, 0.8038664987449805], 'ndcg_10_results': [1.0, 0.707544939496601, 0.9611142995976247, 0.9907157193708431, 0.707544939496601, 0.9040441027311638]}
iteration 6:
prediction ranks:  [1, 3, 4, 2, 5, 6, 7, 10, 14, 11]
NDCG@1: 1.0
NDCG@3: 0.8471101642656544
NDCG@5: 0.9613239448312733
NDCG@10: 0.9597156029456867
results:  {'ndcg_1_results': [1.0, 0.25, 1.0, 1.0, 0.25, 1.0, 1.0], 'ndcg_3_results': [1.0, 0.575415778999051, 0.8471101642656544, 1.0, 0.575415778999051, 0.8471101642656544, 0.8471101642656544], 'ndcg_5_results': [1.0, 0.7035880511243044, 0.9613239448312733, 1.0, 0.7035880511243044, 0.8038664987449805, 0.9613239448312733], 'ndcg_10_results': [1.0, 0.707544939496601, 0.9611142995976247, 0.9907157193708431, 0.707544939496601, 0.9040441027311638, 0.9597156029456867]}
iteration 7:
prediction ranks:  [3, 4, 1, 2, 5, 6, 7, 14, 11, 21]
NDCG@1: 0.25
NDCG@3: 0.575415778999051
NDCG@5: 0.7035880511243044
NDCG@10: 0.7050288696687189
results:  {'ndcg_1_results': [1.0, 0.25, 1.0, 1.0, 0.25, 1.0, 1.0, 0.25], 'ndcg_3_results': [1.0, 0.575415778999051, 0.8471101642656544, 1.0, 0.575415778999051, 0.8471101642656544, 0.8471101642656544, 0.575415778999051], 'ndcg_5_results': [1.0, 0.7035880511243044, 0.9613239448312733, 1.0, 0.7035880511243044, 0.8038664987449805, 0.9613239448312733, 0.7035880511243044], 'ndcg_10_results': [1.0, 0.707544939496601, 0.9611142995976247, 0.9907157193708431, 0.707544939496601, 0.9040441027311638, 0.9597156029456867, 0.7050288696687189]}
iteration 8:
prediction ranks:  [3, 4, 1, 2, 5, 6, 7, 8, 9, 10]
NDCG@1: 0.25
NDCG@3: 0.575415778999051
NDCG@5: 0.7035880511243044
NDCG@10: 0.707544939496601
results:  {'ndcg_1_results': [1.0, 0.25, 1.0, 1.0, 0.25, 1.0, 1.0, 0.25, 0.25], 'ndcg_3_results': [1.0, 0.575415778999051, 0.8471101642656544, 1.0, 0.575415778999051, 0.8471101642656544, 0.8471101642656544, 0.575415778999051, 0.575415778999051], 'ndcg_5_results': [1.0, 0.7035880511243044, 0.9613239448312733, 1.0, 0.7035880511243044, 0.8038664987449805, 0.9613239448312733, 0.7035880511243044, 0.7035880511243044], 'ndcg_10_results': [1.0, 0.707544939496601, 0.9611142995976247, 0.9907157193708431, 0.707544939496601, 0.9040441027311638, 0.9597156029456867, 0.7050288696687189, 0.707544939496601]}
iteration 9:
prediction ranks:  [1, 3, 4, 5, 14, 11, 21, 66, 2, 6]
NDCG@1: 1.0
NDCG@3: 0.8471101642656544
NDCG@5: 0.8213468712215085
NDCG@10: 0.9142772785887403
results:  {'ndcg_1_results': [1.0, 0.25, 1.0, 1.0, 0.25, 1.0, 1.0, 0.25, 0.25, 1.0], 'ndcg_3_results': [1.0, 0.575415778999051, 0.8471101642656544, 1.0, 0.575415778999051, 0.8471101642656544, 0.8471101642656544, 0.575415778999051, 0.575415778999051, 0.8471101642656544], 'ndcg_5_results': [1.0, 0.7035880511243044, 0.9613239448312733, 1.0, 0.7035880511243044, 0.8038664987449805, 0.9613239448312733, 0.7035880511243044, 0.7035880511243044, 0.8213468712215085], 'ndcg_10_results': [1.0, 0.707544939496601, 0.9611142995976247, 0.9907157193708431, 0.707544939496601, 0.9040441027311638, 0.9597156029456867, 0.7050288696687189, 0.707544939496601, 0.9142772785887403]}
iteration 10:
prediction ranks:  [3, 4, 1, 2, 5, 6, 7, 14, 21, 11]
NDCG@1: 0.25
NDCG@3: 0.575415778999051
NDCG@5: 0.7035880511243044
NDCG@10: 0.7050212847737366
results:  {'ndcg_1_results': [1.0, 0.25, 1.0, 1.0, 0.25, 1.0, 1.0, 0.25, 0.25, 1.0, 0.25], 'ndcg_3_results': [1.0, 0.575415778999051, 0.8471101642656544, 1.0, 0.575415778999051, 0.8471101642656544, 0.8471101642656544, 0.575415778999051, 0.575415778999051, 0.8471101642656544, 0.575415778999051], 'ndcg_5_results': [1.0, 0.7035880511243044, 0.9613239448312733, 1.0, 0.7035880511243044, 0.8038664987449805, 0.9613239448312733, 0.7035880511243044, 0.7035880511243044, 0.8213468712215085, 0.7035880511243044], 'ndcg_10_results': [1.0, 0.707544939496601, 0.9611142995976247, 0.9907157193708431, 0.707544939496601, 0.9040441027311638, 0.9597156029456867, 0.7050288696687189, 0.707544939496601, 0.9142772785887403, 0.7050212847737366]}
iteration 11:
prediction ranks:  [1, 3, 4, 7, 17, 21, 2, 5, 10, 11]
NDCG@1: 1.0
NDCG@3: 0.8471101642656544
NDCG@5: 0.8080247899217446
NDCG@10: 0.9189088324824032
results:  {'ndcg_1_results': [1.0, 0.25, 1.0, 1.0, 0.25, 1.0, 1.0, 0.25, 0.25, 1.0, 0.25, 1.0], 'ndcg_3_results': [1.0, 0.575415778999051, 0.8471101642656544, 1.0, 0.575415778999051, 0.8471101642656544, 0.8471101642656544, 0.575415778999051, 0.575415778999051, 0.8471101642656544, 0.575415778999051, 0.8471101642656544], 'ndcg_5_results': [1.0, 0.7035880511243044, 0.9613239448312733, 1.0, 0.7035880511243044, 0.8038664987449805, 0.9613239448312733, 0.7035880511243044, 0.7035880511243044, 0.8213468712215085, 0.7035880511243044, 0.8080247899217446], 'ndcg_10_results': [1.0, 0.707544939496601, 0.9611142995976247, 0.9907157193708431, 0.707544939496601, 0.9040441027311638, 0.9597156029456867, 0.7050288696687189, 0.707544939496601, 0.9142772785887403, 0.7050212847737366, 0.9189088324824032]}
iteration 12:
prediction ranks:  [1, 3, 4, 2, 5, 6, 7, 14, 11, 20]
NDCG@1: 1.0
NDCG@3: 0.8471101642656544
NDCG@5: 0.9613239448312733
NDCG@10: 0.9593243519120902
results:  {'ndcg_1_results': [1.0, 0.25, 1.0, 1.0, 0.25, 1.0, 1.0, 0.25, 0.25, 1.0, 0.25, 1.0, 1.0], 'ndcg_3_results': [1.0, 0.575415778999051, 0.8471101642656544, 1.0, 0.575415778999051, 0.8471101642656544, 0.8471101642656544, 0.575415778999051, 0.575415778999051, 0.8471101642656544, 0.575415778999051, 0.8471101642656544, 0.8471101642656544], 'ndcg_5_results': [1.0, 0.7035880511243044, 0.9613239448312733, 1.0, 0.7035880511243044, 0.8038664987449805, 0.9613239448312733, 0.7035880511243044, 0.7035880511243044, 0.8213468712215085, 0.7035880511243044, 0.8080247899217446, 0.9613239448312733], 'ndcg_10_results': [1.0, 0.707544939496601, 0.9611142995976247, 0.9907157193708431, 0.707544939496601, 0.9040441027311638, 0.9597156029456867, 0.7050288696687189, 0.707544939496601, 0.9142772785887403, 0.7050212847737366, 0.9189088324824032, 0.9593243519120902]}
iteration 13:
prediction ranks:  [3, 4, 1, 2, 5, 6, 7, 8, 14, 11]
NDCG@1: 0.25
NDCG@3: 0.575415778999051
NDCG@5: 0.7035880511243044
NDCG@10: 0.7066213393739517
results:  {'ndcg_1_results': [1.0, 0.25, 1.0, 1.0, 0.25, 1.0, 1.0, 0.25, 0.25, 1.0, 0.25, 1.0, 1.0, 0.25], 'ndcg_3_results': [1.0, 0.575415778999051, 0.8471101642656544, 1.0, 0.575415778999051, 0.8471101642656544, 0.8471101642656544, 0.575415778999051, 0.575415778999051, 0.8471101642656544, 0.575415778999051, 0.8471101642656544, 0.8471101642656544, 0.575415778999051], 'ndcg_5_results': [1.0, 0.7035880511243044, 0.9613239448312733, 1.0, 0.7035880511243044, 0.8038664987449805, 0.9613239448312733, 0.7035880511243044, 0.7035880511243044, 0.8213468712215085, 0.7035880511243044, 0.8080247899217446, 0.9613239448312733, 0.7035880511243044], 'ndcg_10_results': [1.0, 0.707544939496601, 0.9611142995976247, 0.9907157193708431, 0.707544939496601, 0.9040441027311638, 0.9597156029456867, 0.7050288696687189, 0.707544939496601, 0.9142772785887403, 0.7050212847737366, 0.9189088324824032, 0.9593243519120902, 0.7066213393739517]}
iteration 14:
prediction ranks:  [3, 4, 1, 2, 5, 6, 7, 8, 9, 10]
NDCG@1: 0.25
NDCG@3: 0.575415778999051
NDCG@5: 0.7035880511243044
NDCG@10: 0.707544939496601
results:  {'ndcg_1_results': [1.0, 0.25, 1.0, 1.0, 0.25, 1.0, 1.0, 0.25, 0.25, 1.0, 0.25, 1.0, 1.0, 0.25, 0.25], 'ndcg_3_results': [1.0, 0.575415778999051, 0.8471101642656544, 1.0, 0.575415778999051, 0.8471101642656544, 0.8471101642656544, 0.575415778999051, 0.575415778999051, 0.8471101642656544, 0.575415778999051, 0.8471101642656544, 0.8471101642656544, 0.575415778999051, 0.575415778999051], 'ndcg_5_results': [1.0, 0.7035880511243044, 0.9613239448312733, 1.0, 0.7035880511243044, 0.8038664987449805, 0.9613239448312733, 0.7035880511243044, 0.7035880511243044, 0.8213468712215085, 0.7035880511243044, 0.8080247899217446, 0.9613239448312733, 0.7035880511243044, 0.7035880511243044], 'ndcg_10_results': [1.0, 0.707544939496601, 0.9611142995976247, 0.9907157193708431, 0.707544939496601, 0.9040441027311638, 0.9597156029456867, 0.7050288696687189, 0.707544939496601, 0.9142772785887403, 0.7050212847737366, 0.9189088324824032, 0.9593243519120902, 0.7066213393739517, 0.707544939496601]}
iteration 15:
prediction ranks:  [3, 4, 1, 2, 5, 6, 7, 8, 9, 10]
NDCG@1: 0.25
NDCG@3: 0.575415778999051
NDCG@5: 0.7035880511243044
NDCG@10: 0.707544939496601
results:  {'ndcg_1_results': [1.0, 0.25, 1.0, 1.0, 0.25, 1.0, 1.0, 0.25, 0.25, 1.0, 0.25, 1.0, 1.0, 0.25, 0.25, 0.25], 'ndcg_3_results': [1.0, 0.575415778999051, 0.8471101642656544, 1.0, 0.575415778999051, 0.8471101642656544, 0.8471101642656544, 0.575415778999051, 0.575415778999051, 0.8471101642656544, 0.575415778999051, 0.8471101642656544, 0.8471101642656544, 0.575415778999051, 0.575415778999051, 0.575415778999051], 'ndcg_5_results': [1.0, 0.7035880511243044, 0.9613239448312733, 1.0, 0.7035880511243044, 0.8038664987449805, 0.9613239448312733, 0.7035880511243044, 0.7035880511243044, 0.8213468712215085, 0.7035880511243044, 0.8080247899217446, 0.9613239448312733, 0.7035880511243044, 0.7035880511243044, 0.7035880511243044], 'ndcg_10_results': [1.0, 0.707544939496601, 0.9611142995976247, 0.9907157193708431, 0.707544939496601, 0.9040441027311638, 0.9597156029456867, 0.7050288696687189, 0.707544939496601, 0.9142772785887403, 0.7050212847737366, 0.9189088324824032, 0.9593243519120902, 0.7066213393739517, 0.707544939496601, 0.707544939496601]}
iteration 16:
prediction ranks:  [1, 3, 4, 2, 5, 6, 7, 8, 9, 10]
NDCG@1: 1.0
NDCG@3: 0.8471101642656544
NDCG@5: 0.9613239448312733
NDCG@10: 0.9618402426173912
results:  {'ndcg_1_results': [1.0, 0.25, 1.0, 1.0, 0.25, 1.0, 1.0, 0.25, 0.25, 1.0, 0.25, 1.0, 1.0, 0.25, 0.25, 0.25, 1.0], 'ndcg_3_results': [1.0, 0.575415778999051, 0.8471101642656544, 1.0, 0.575415778999051, 0.8471101642656544, 0.8471101642656544, 0.575415778999051, 0.575415778999051, 0.8471101642656544, 0.575415778999051, 0.8471101642656544, 0.8471101642656544, 0.575415778999051, 0.575415778999051, 0.575415778999051, 0.8471101642656544], 'ndcg_5_results': [1.0, 0.7035880511243044, 0.9613239448312733, 1.0, 0.7035880511243044, 0.8038664987449805, 0.9613239448312733, 0.7035880511243044, 0.7035880511243044, 0.8213468712215085, 0.7035880511243044, 0.8080247899217446, 0.9613239448312733, 0.7035880511243044, 0.7035880511243044, 0.7035880511243044, 0.9613239448312733], 'ndcg_10_results': [1.0, 0.707544939496601, 0.9611142995976247, 0.9907157193708431, 0.707544939496601, 0.9040441027311638, 0.9597156029456867, 0.7050288696687189, 0.707544939496601, 0.9142772785887403, 0.7050212847737366, 0.9189088324824032, 0.9593243519120902, 0.7066213393739517, 0.707544939496601, 0.707544939496601, 0.9618402426173912]}
iteration 17:
prediction ranks:  [3, 4, 1, 2, 5, 6, 7, 8, 9, 10]
NDCG@1: 0.25
NDCG@3: 0.575415778999051
NDCG@5: 0.7035880511243044
NDCG@10: 0.707544939496601
results:  {'ndcg_1_results': [1.0, 0.25, 1.0, 1.0, 0.25, 1.0, 1.0, 0.25, 0.25, 1.0, 0.25, 1.0, 1.0, 0.25, 0.25, 0.25, 1.0, 0.25], 'ndcg_3_results': [1.0, 0.575415778999051, 0.8471101642656544, 1.0, 0.575415778999051, 0.8471101642656544, 0.8471101642656544, 0.575415778999051, 0.575415778999051, 0.8471101642656544, 0.575415778999051, 0.8471101642656544, 0.8471101642656544, 0.575415778999051, 0.575415778999051, 0.575415778999051, 0.8471101642656544, 0.575415778999051], 'ndcg_5_results': [1.0, 0.7035880511243044, 0.9613239448312733, 1.0, 0.7035880511243044, 0.8038664987449805, 0.9613239448312733, 0.7035880511243044, 0.7035880511243044, 0.8213468712215085, 0.7035880511243044, 0.8080247899217446, 0.9613239448312733, 0.7035880511243044, 0.7035880511243044, 0.7035880511243044, 0.9613239448312733, 0.7035880511243044], 'ndcg_10_results': [1.0, 0.707544939496601, 0.9611142995976247, 0.9907157193708431, 0.707544939496601, 0.9040441027311638, 0.9597156029456867, 0.7050288696687189, 0.707544939496601, 0.9142772785887403, 0.7050212847737366, 0.9189088324824032, 0.9593243519120902, 0.7066213393739517, 0.707544939496601, 0.707544939496601, 0.9618402426173912, 0.707544939496601]}
iteration 18:
prediction ranks:  [1, 3, 4, 7, 5, 10, 11, 14, 20, 21]
NDCG@1: 1.0
NDCG@3: 0.8471101642656544
NDCG@5: 0.8239436254756922
NDCG@10: 0.8136337015562956
results:  {'ndcg_1_results': [1.0, 0.25, 1.0, 1.0, 0.25, 1.0, 1.0, 0.25, 0.25, 1.0, 0.25, 1.0, 1.0, 0.25, 0.25, 0.25, 1.0, 0.25, 1.0], 'ndcg_3_results': [1.0, 0.575415778999051, 0.8471101642656544, 1.0, 0.575415778999051, 0.8471101642656544, 0.8471101642656544, 0.575415778999051, 0.575415778999051, 0.8471101642656544, 0.575415778999051, 0.8471101642656544, 0.8471101642656544, 0.575415778999051, 0.575415778999051, 0.575415778999051, 0.8471101642656544, 0.575415778999051, 0.8471101642656544], 'ndcg_5_results': [1.0, 0.7035880511243044, 0.9613239448312733, 1.0, 0.7035880511243044, 0.8038664987449805, 0.9613239448312733, 0.7035880511243044, 0.7035880511243044, 0.8213468712215085, 0.7035880511243044, 0.8080247899217446, 0.9613239448312733, 0.7035880511243044, 0.7035880511243044, 0.7035880511243044, 0.9613239448312733, 0.7035880511243044, 0.8239436254756922], 'ndcg_10_results': [1.0, 0.707544939496601, 0.9611142995976247, 0.9907157193708431, 0.707544939496601, 0.9040441027311638, 0.9597156029456867, 0.7050288696687189, 0.707544939496601, 0.9142772785887403, 0.7050212847737366, 0.9189088324824032, 0.9593243519120902, 0.7066213393739517, 0.707544939496601, 0.707544939496601, 0.9618402426173912, 0.707544939496601, 0.8136337015562956]}
iteration 19:
prediction ranks:  [3, 4, 1, 2, 5, 6, 7, 8, 9, 10]
NDCG@1: 0.25
NDCG@3: 0.575415778999051
NDCG@5: 0.7035880511243044
NDCG@10: 0.707544939496601
results:  {'ndcg_1_results': [1.0, 0.25, 1.0, 1.0, 0.25, 1.0, 1.0, 0.25, 0.25, 1.0, 0.25, 1.0, 1.0, 0.25, 0.25, 0.25, 1.0, 0.25, 1.0, 0.25], 'ndcg_3_results': [1.0, 0.575415778999051, 0.8471101642656544, 1.0, 0.575415778999051, 0.8471101642656544, 0.8471101642656544, 0.575415778999051, 0.575415778999051, 0.8471101642656544, 0.575415778999051, 0.8471101642656544, 0.8471101642656544, 0.575415778999051, 0.575415778999051, 0.575415778999051, 0.8471101642656544, 0.575415778999051, 0.8471101642656544, 0.575415778999051], 'ndcg_5_results': [1.0, 0.7035880511243044, 0.9613239448312733, 1.0, 0.7035880511243044, 0.8038664987449805, 0.9613239448312733, 0.7035880511243044, 0.7035880511243044, 0.8213468712215085, 0.7035880511243044, 0.8080247899217446, 0.9613239448312733, 0.7035880511243044, 0.7035880511243044, 0.7035880511243044, 0.9613239448312733, 0.7035880511243044, 0.8239436254756922, 0.7035880511243044], 'ndcg_10_results': [1.0, 0.707544939496601, 0.9611142995976247, 0.9907157193708431, 0.707544939496601, 0.9040441027311638, 0.9597156029456867, 0.7050288696687189, 0.707544939496601, 0.9142772785887403, 0.7050212847737366, 0.9189088324824032, 0.9593243519120902, 0.7066213393739517, 0.707544939496601, 0.707544939496601, 0.9618402426173912, 0.707544939496601, 0.8136337015562956, 0.707544939496601]}
iteration 20:
prediction ranks:  [1, 3, 4, 6, 7, 14, 11, 18, 17, 21]
NDCG@1: 1.0
NDCG@3: 0.8471101642656544
NDCG@5: 0.8164332064776031
NDCG@10: 0.8057788969252344
results:  {'ndcg_1_results': [1.0, 0.25, 1.0, 1.0, 0.25, 1.0, 1.0, 0.25, 0.25, 1.0, 0.25, 1.0, 1.0, 0.25, 0.25, 0.25, 1.0, 0.25, 1.0, 0.25, 1.0], 'ndcg_3_results': [1.0, 0.575415778999051, 0.8471101642656544, 1.0, 0.575415778999051, 0.8471101642656544, 0.8471101642656544, 0.575415778999051, 0.575415778999051, 0.8471101642656544, 0.575415778999051, 0.8471101642656544, 0.8471101642656544, 0.575415778999051, 0.575415778999051, 0.575415778999051, 0.8471101642656544, 0.575415778999051, 0.8471101642656544, 0.575415778999051, 0.8471101642656544], 'ndcg_5_results': [1.0, 0.7035880511243044, 0.9613239448312733, 1.0, 0.7035880511243044, 0.8038664987449805, 0.9613239448312733, 0.7035880511243044, 0.7035880511243044, 0.8213468712215085, 0.7035880511243044, 0.8080247899217446, 0.9613239448312733, 0.7035880511243044, 0.7035880511243044, 0.7035880511243044, 0.9613239448312733, 0.7035880511243044, 0.8239436254756922, 0.7035880511243044, 0.8164332064776031], 'ndcg_10_results': [1.0, 0.707544939496601, 0.9611142995976247, 0.9907157193708431, 0.707544939496601, 0.9040441027311638, 0.9597156029456867, 0.7050288696687189, 0.707544939496601, 0.9142772785887403, 0.7050212847737366, 0.9189088324824032, 0.9593243519120902, 0.7066213393739517, 0.707544939496601, 0.707544939496601, 0.9618402426173912, 0.707544939496601, 0.8136337015562956, 0.707544939496601, 0.8057788969252344]}
iteration 21:
prediction ranks:  [1, 3, 4, 6, 7, 14, 11, 17, 21, 18]
NDCG@1: 1.0
NDCG@3: 0.8471101642656544
NDCG@5: 0.8164332064776031
NDCG@10: 0.8057789165826975
results:  {'ndcg_1_results': [1.0, 0.25, 1.0, 1.0, 0.25, 1.0, 1.0, 0.25, 0.25, 1.0, 0.25, 1.0, 1.0, 0.25, 0.25, 0.25, 1.0, 0.25, 1.0, 0.25, 1.0, 1.0], 'ndcg_3_results': [1.0, 0.575415778999051, 0.8471101642656544, 1.0, 0.575415778999051, 0.8471101642656544, 0.8471101642656544, 0.575415778999051, 0.575415778999051, 0.8471101642656544, 0.575415778999051, 0.8471101642656544, 0.8471101642656544, 0.575415778999051, 0.575415778999051, 0.575415778999051, 0.8471101642656544, 0.575415778999051, 0.8471101642656544, 0.575415778999051, 0.8471101642656544, 0.8471101642656544], 'ndcg_5_results': [1.0, 0.7035880511243044, 0.9613239448312733, 1.0, 0.7035880511243044, 0.8038664987449805, 0.9613239448312733, 0.7035880511243044, 0.7035880511243044, 0.8213468712215085, 0.7035880511243044, 0.8080247899217446, 0.9613239448312733, 0.7035880511243044, 0.7035880511243044, 0.7035880511243044, 0.9613239448312733, 0.7035880511243044, 0.8239436254756922, 0.7035880511243044, 0.8164332064776031, 0.8164332064776031], 'ndcg_10_results': [1.0, 0.707544939496601, 0.9611142995976247, 0.9907157193708431, 0.707544939496601, 0.9040441027311638, 0.9597156029456867, 0.7050288696687189, 0.707544939496601, 0.9142772785887403, 0.7050212847737366, 0.9189088324824032, 0.9593243519120902, 0.7066213393739517, 0.707544939496601, 0.707544939496601, 0.9618402426173912, 0.707544939496601, 0.8136337015562956, 0.707544939496601, 0.8057788969252344, 0.8057789165826975]}
iteration 22:
prediction ranks:  [1, 2, 5, 10, 11, 20, 21, 17, 55, 7]
NDCG@1: 1.0
NDCG@3: 0.9349168442001898
NDCG@5: 0.8876875743147714
NDCG@10: 0.8787760976136887
results:  {'ndcg_1_results': [1.0, 0.25, 1.0, 1.0, 0.25, 1.0, 1.0, 0.25, 0.25, 1.0, 0.25, 1.0, 1.0, 0.25, 0.25, 0.25, 1.0, 0.25, 1.0, 0.25, 1.0, 1.0, 1.0], 'ndcg_3_results': [1.0, 0.575415778999051, 0.8471101642656544, 1.0, 0.575415778999051, 0.8471101642656544, 0.8471101642656544, 0.575415778999051, 0.575415778999051, 0.8471101642656544, 0.575415778999051, 0.8471101642656544, 0.8471101642656544, 0.575415778999051, 0.575415778999051, 0.575415778999051, 0.8471101642656544, 0.575415778999051, 0.8471101642656544, 0.575415778999051, 0.8471101642656544, 0.8471101642656544, 0.9349168442001898], 'ndcg_5_results': [1.0, 0.7035880511243044, 0.9613239448312733, 1.0, 0.7035880511243044, 0.8038664987449805, 0.9613239448312733, 0.7035880511243044, 0.7035880511243044, 0.8213468712215085, 0.7035880511243044, 0.8080247899217446, 0.9613239448312733, 0.7035880511243044, 0.7035880511243044, 0.7035880511243044, 0.9613239448312733, 0.7035880511243044, 0.8239436254756922, 0.7035880511243044, 0.8164332064776031, 0.8164332064776031, 0.8876875743147714], 'ndcg_10_results': [1.0, 0.707544939496601, 0.9611142995976247, 0.9907157193708431, 0.707544939496601, 0.9040441027311638, 0.9597156029456867, 0.7050288696687189, 0.707544939496601, 0.9142772785887403, 0.7050212847737366, 0.9189088324824032, 0.9593243519120902, 0.7066213393739517, 0.707544939496601, 0.707544939496601, 0.9618402426173912, 0.707544939496601, 0.8136337015562956, 0.707544939496601, 0.8057788969252344, 0.8057789165826975, 0.8787760976136887]}
iteration 23:
prediction ranks:  [1, 3, 4, 2, 5, 6, 7, 8, 10, 14]
NDCG@1: 1.0
NDCG@3: 0.8471101642656544
NDCG@5: 0.9613239448312733
NDCG@10: 0.9611142995976247
results:  {'ndcg_1_results': [1.0, 0.25, 1.0, 1.0, 0.25, 1.0, 1.0, 0.25, 0.25, 1.0, 0.25, 1.0, 1.0, 0.25, 0.25, 0.25, 1.0, 0.25, 1.0, 0.25, 1.0, 1.0, 1.0, 1.0], 'ndcg_3_results': [1.0, 0.575415778999051, 0.8471101642656544, 1.0, 0.575415778999051, 0.8471101642656544, 0.8471101642656544, 0.575415778999051, 0.575415778999051, 0.8471101642656544, 0.575415778999051, 0.8471101642656544, 0.8471101642656544, 0.575415778999051, 0.575415778999051, 0.575415778999051, 0.8471101642656544, 0.575415778999051, 0.8471101642656544, 0.575415778999051, 0.8471101642656544, 0.8471101642656544, 0.9349168442001898, 0.8471101642656544], 'ndcg_5_results': [1.0, 0.7035880511243044, 0.9613239448312733, 1.0, 0.7035880511243044, 0.8038664987449805, 0.9613239448312733, 0.7035880511243044, 0.7035880511243044, 0.8213468712215085, 0.7035880511243044, 0.8080247899217446, 0.9613239448312733, 0.7035880511243044, 0.7035880511243044, 0.7035880511243044, 0.9613239448312733, 0.7035880511243044, 0.8239436254756922, 0.7035880511243044, 0.8164332064776031, 0.8164332064776031, 0.8876875743147714, 0.9613239448312733], 'ndcg_10_results': [1.0, 0.707544939496601, 0.9611142995976247, 0.9907157193708431, 0.707544939496601, 0.9040441027311638, 0.9597156029456867, 0.7050288696687189, 0.707544939496601, 0.9142772785887403, 0.7050212847737366, 0.9189088324824032, 0.9593243519120902, 0.7066213393739517, 0.707544939496601, 0.707544939496601, 0.9618402426173912, 0.707544939496601, 0.8136337015562956, 0.707544939496601, 0.8057788969252344, 0.8057789165826975, 0.8787760976136887, 0.9611142995976247]}
iteration 24:
prediction ranks:  [1, 3, 4, 5, 7, 10, 14, 11, 20, 21]
NDCG@1: 1.0
NDCG@3: 0.8471101642656544
NDCG@5: 0.8252964528876406
NDCG@10: 0.8149585488072848
results:  {'ndcg_1_results': [1.0, 0.25, 1.0, 1.0, 0.25, 1.0, 1.0, 0.25, 0.25, 1.0, 0.25, 1.0, 1.0, 0.25, 0.25, 0.25, 1.0, 0.25, 1.0, 0.25, 1.0, 1.0, 1.0, 1.0, 1.0], 'ndcg_3_results': [1.0, 0.575415778999051, 0.8471101642656544, 1.0, 0.575415778999051, 0.8471101642656544, 0.8471101642656544, 0.575415778999051, 0.575415778999051, 0.8471101642656544, 0.575415778999051, 0.8471101642656544, 0.8471101642656544, 0.575415778999051, 0.575415778999051, 0.575415778999051, 0.8471101642656544, 0.575415778999051, 0.8471101642656544, 0.575415778999051, 0.8471101642656544, 0.8471101642656544, 0.9349168442001898, 0.8471101642656544, 0.8471101642656544], 'ndcg_5_results': [1.0, 0.7035880511243044, 0.9613239448312733, 1.0, 0.7035880511243044, 0.8038664987449805, 0.9613239448312733, 0.7035880511243044, 0.7035880511243044, 0.8213468712215085, 0.7035880511243044, 0.8080247899217446, 0.9613239448312733, 0.7035880511243044, 0.7035880511243044, 0.7035880511243044, 0.9613239448312733, 0.7035880511243044, 0.8239436254756922, 0.7035880511243044, 0.8164332064776031, 0.8164332064776031, 0.8876875743147714, 0.9613239448312733, 0.8252964528876406], 'ndcg_10_results': [1.0, 0.707544939496601, 0.9611142995976247, 0.9907157193708431, 0.707544939496601, 0.9040441027311638, 0.9597156029456867, 0.7050288696687189, 0.707544939496601, 0.9142772785887403, 0.7050212847737366, 0.9189088324824032, 0.9593243519120902, 0.7066213393739517, 0.707544939496601, 0.707544939496601, 0.9618402426173912, 0.707544939496601, 0.8136337015562956, 0.707544939496601, 0.8057788969252344, 0.8057789165826975, 0.8787760976136887, 0.9611142995976247, 0.8149585488072848]}
iteration 25:
prediction ranks:  [1, 3, 4, 5, 7, 14, 11, 21, 17, 18]
NDCG@1: 1.0
NDCG@3: 0.8471101642656544
NDCG@5: 0.8252964528876406
NDCG@10: 0.8145237107955006
results:  {'ndcg_1_results': [1.0, 0.25, 1.0, 1.0, 0.25, 1.0, 1.0, 0.25, 0.25, 1.0, 0.25, 1.0, 1.0, 0.25, 0.25, 0.25, 1.0, 0.25, 1.0, 0.25, 1.0, 1.0, 1.0, 1.0, 1.0, 1.0], 'ndcg_3_results': [1.0, 0.575415778999051, 0.8471101642656544, 1.0, 0.575415778999051, 0.8471101642656544, 0.8471101642656544, 0.575415778999051, 0.575415778999051, 0.8471101642656544, 0.575415778999051, 0.8471101642656544, 0.8471101642656544, 0.575415778999051, 0.575415778999051, 0.575415778999051, 0.8471101642656544, 0.575415778999051, 0.8471101642656544, 0.575415778999051, 0.8471101642656544, 0.8471101642656544, 0.9349168442001898, 0.8471101642656544, 0.8471101642656544, 0.8471101642656544], 'ndcg_5_results': [1.0, 0.7035880511243044, 0.9613239448312733, 1.0, 0.7035880511243044, 0.8038664987449805, 0.9613239448312733, 0.7035880511243044, 0.7035880511243044, 0.8213468712215085, 0.7035880511243044, 0.8080247899217446, 0.9613239448312733, 0.7035880511243044, 0.7035880511243044, 0.7035880511243044, 0.9613239448312733, 0.7035880511243044, 0.8239436254756922, 0.7035880511243044, 0.8164332064776031, 0.8164332064776031, 0.8876875743147714, 0.9613239448312733, 0.8252964528876406, 0.8252964528876406], 'ndcg_10_results': [1.0, 0.707544939496601, 0.9611142995976247, 0.9907157193708431, 0.707544939496601, 0.9040441027311638, 0.9597156029456867, 0.7050288696687189, 0.707544939496601, 0.9142772785887403, 0.7050212847737366, 0.9189088324824032, 0.9593243519120902, 0.7066213393739517, 0.707544939496601, 0.707544939496601, 0.9618402426173912, 0.707544939496601, 0.8136337015562956, 0.707544939496601, 0.8057788969252344, 0.8057789165826975, 0.8787760976136887, 0.9611142995976247, 0.8149585488072848, 0.8145237107955006]}
key ndcg_1_results
key ndcg_3_results
key ndcg_5_results
key ndcg_10_results
