

Reranking method: sliding_windows
Fetching websites...
Initial shuffle:
[122, 190, 98, 187, 105, 135, 102, 14, 173, 166, 59, 45, 53, 62, 90, 42, 187, 93, 167, 164, 37, 29, 28, 146, 121, 97, 191, 75, 197, 54, 191, 188, 12, 185, 25, 64, 123, 124, 117, 20, 186, 46, 143, 126, 36, 106, 116, 52, 6, 158, 151, 3, 186, 169, 34, 148, 138, 61, 95, 168, 130, 15, 40, 102, 199, 156, 192, 140, 194, 88, 162, 113, 69, 147, 189, 176, 22, 98, 2, 35, 95, 175, 4, 94, 39, 114, 104, 65, 50, 67, 185, 193, 91, 73, 139, 43, 94, 100, 11, 129, 115, 174, 101, 71, 99, 198, 7, 153, 103, 152, 200, 125, 5, 16, 172, 109, 157, 68, 92, 92, 154, 18, 144, 44, 26, 141, 10, 145, 133, 58, 111, 127, 23, 163, 9, 86, 149, 21, 55, 190, 170, 188, 56, 108, 192, 159, 100, 137, 96, 70, 196, 110, 131, 165, 136, 134, 17, 27, 87, 72, 19, 66, 63, 30, 132, 74, 120, 161, 89, 119, 160, 31, 118, 47, 33, 107, 41, 112, 155, 57, 49, 189, 38, 97, 171, 32, 8, 150, 60, 128, 93, 13, 48, 1, 195, 101, 142, 99, 51, 24]

reranking iteration 0
reranking iteration 1
reranking iteration 2
reranking iteration 3
reranking iteration 4
reranking iteration 5
reranking iteration 6
reranking iteration 7
reranking iteration 8
reranking iteration 9
reranking iteration 10
reranking iteration 11
reranking iteration 12
reranking iteration 13
reranking iteration 14
reranking iteration 15
reranking iteration 16
reranking iteration 17
reranking iteration 18
reranking iteration 19
reranking iteration 20
reranking iteration 21
reranking iteration 22
reranking iteration 23
reranking iteration 24
iteration 0:
prediction ranks:  [122, 190, 98, 187, 105, 135, 102, 14, 173, 166]
NDCG@1: 3.76158192263132e-37
NDCG@3: 2.1905733682888097e-30
NDCG@5: 2.0905919229317345e-30
NDCG@10: 2.5021657271981114e-05
results:  {'ndcg_1_results': [3.76158192263132e-37], 'ndcg_3_results': [2.1905733682888097e-30], 'ndcg_5_results': [2.0905919229317345e-30], 'ndcg_10_results': [2.5021657271981114e-05]}
iteration 1:
prediction ranks:  [122, 1, 54, 20, 45, 8, 90, 14, 166, 102]
NDCG@1: 3.76158192263132e-37
NDCG@3: 0.43800426080455496
NDCG@5: 0.4155020225153451
NDCG@10: 0.4117885933343151
results:  {'ndcg_1_results': [3.76158192263132e-37, 3.76158192263132e-37], 'ndcg_3_results': [2.1905733682888097e-30, 0.43800426080455496], 'ndcg_5_results': [2.0905919229317345e-30, 0.4155020225153451], 'ndcg_10_results': [2.5021657271981114e-05, 0.4117885933343151]}
iteration 2:
prediction ranks:  [98, 14, 4, 1, 54, 37, 122, 90, 117, 190]
NDCG@1: 6.310887241768095e-30
NDCG@3: 0.043442237850199544
NDCG@5: 0.3248342472196476
NDCG@10: 0.3204979414140816
results:  {'ndcg_1_results': [3.76158192263132e-37, 3.76158192263132e-37, 6.310887241768095e-30], 'ndcg_3_results': [2.1905733682888097e-30, 0.43800426080455496, 0.043442237850199544], 'ndcg_5_results': [2.0905919229317345e-30, 0.4155020225153451, 0.3248342472196476], 'ndcg_10_results': [2.5021657271981114e-05, 0.4117885933343151, 0.3204979414140816]}
iteration 3:
prediction ranks:  [122, 1, 54, 4, 14, 56, 42, 45, 20, 98]
NDCG@1: 3.76158192263132e-37
NDCG@3: 0.43800426080455496
NDCG@5: 0.45098556625408837
NDCG@10: 0.44496560327229595
results:  {'ndcg_1_results': [3.76158192263132e-37, 3.76158192263132e-37, 6.310887241768095e-30, 3.76158192263132e-37], 'ndcg_3_results': [2.1905733682888097e-30, 0.43800426080455496, 0.043442237850199544, 0.43800426080455496], 'ndcg_5_results': [2.0905919229317345e-30, 0.4155020225153451, 0.3248342472196476, 0.45098556625408837], 'ndcg_10_results': [2.5021657271981114e-05, 0.4117885933343151, 0.3204979414140816, 0.44496560327229595]}
iteration 4:
prediction ranks:  [98, 14, 4, 1, 54, 45, 37, 42, 56, 34]
NDCG@1: 6.310887241768095e-30
NDCG@3: 0.043442237850199544
NDCG@5: 0.3248342472196476
NDCG@10: 0.32049794143583726
results:  {'ndcg_1_results': [3.76158192263132e-37, 3.76158192263132e-37, 6.310887241768095e-30, 3.76158192263132e-37, 6.310887241768095e-30], 'ndcg_3_results': [2.1905733682888097e-30, 0.43800426080455496, 0.043442237850199544, 0.43800426080455496, 0.043442237850199544], 'ndcg_5_results': [2.0905919229317345e-30, 0.4155020225153451, 0.3248342472196476, 0.45098556625408837, 0.3248342472196476], 'ndcg_10_results': [2.5021657271981114e-05, 0.4117885933343151, 0.3204979414140816, 0.44496560327229595, 0.32049794143583726]}
iteration 5:
prediction ranks:  [98, 14, 3, 1, 54, 20, 34, 42, 122, 166]
NDCG@1: 6.310887241768095e-30
NDCG@3: 0.08683100838340635
NDCG@5: 0.3659938889223988
NDCG@10: 0.36110857269791935
results:  {'ndcg_1_results': [3.76158192263132e-37, 3.76158192263132e-37, 6.310887241768095e-30, 3.76158192263132e-37, 6.310887241768095e-30, 6.310887241768095e-30], 'ndcg_3_results': [2.1905733682888097e-30, 0.43800426080455496, 0.043442237850199544, 0.43800426080455496, 0.043442237850199544, 0.08683100838340635], 'ndcg_5_results': [2.0905919229317345e-30, 0.4155020225153451, 0.3248342472196476, 0.45098556625408837, 0.3248342472196476, 0.3659938889223988], 'ndcg_10_results': [2.5021657271981114e-05, 0.4117885933343151, 0.3204979414140816, 0.44496560327229595, 0.32049794143583726, 0.36110857269791935]}
iteration 6:
prediction ranks:  [1, 54, 4, 3, 14, 122, 98, 102, 34, 37]
NDCG@1: 1.0
NDCG@3: 0.7376090990645157
NDCG@5: 0.7706509792953081
NDCG@10: 0.7603633377104144
results:  {'ndcg_1_results': [3.76158192263132e-37, 3.76158192263132e-37, 6.310887241768095e-30, 3.76158192263132e-37, 6.310887241768095e-30, 6.310887241768095e-30, 1.0], 'ndcg_3_results': [2.1905733682888097e-30, 0.43800426080455496, 0.043442237850199544, 0.43800426080455496, 0.043442237850199544, 0.08683100838340635, 0.7376090990645157], 'ndcg_5_results': [2.0905919229317345e-30, 0.4155020225153451, 0.3248342472196476, 0.45098556625408837, 0.3248342472196476, 0.3659938889223988, 0.7706509792953081], 'ndcg_10_results': [2.5021657271981114e-05, 0.4117885933343151, 0.3204979414140816, 0.44496560327229595, 0.32049794143583726, 0.36110857269791935, 0.7603633377104144]}
iteration 7:
prediction ranks:  [1, 54, 3, 14, 98, 34, 42, 37, 122, 166]
NDCG@1: 1.0
NDCG@3: 0.7809978695977224
NDCG@5: 0.7409081727058113
NDCG@10: 0.7310175764065082
results:  {'ndcg_1_results': [3.76158192263132e-37, 3.76158192263132e-37, 6.310887241768095e-30, 3.76158192263132e-37, 6.310887241768095e-30, 6.310887241768095e-30, 1.0, 1.0], 'ndcg_3_results': [2.1905733682888097e-30, 0.43800426080455496, 0.043442237850199544, 0.43800426080455496, 0.043442237850199544, 0.08683100838340635, 0.7376090990645157, 0.7809978695977224], 'ndcg_5_results': [2.0905919229317345e-30, 0.4155020225153451, 0.3248342472196476, 0.45098556625408837, 0.3248342472196476, 0.3659938889223988, 0.7706509792953081, 0.7409081727058113], 'ndcg_10_results': [2.5021657271981114e-05, 0.4117885933343151, 0.3204979414140816, 0.44496560327229595, 0.32049794143583726, 0.36110857269791935, 0.7603633377104144, 0.7310175764065082]}
iteration 8:
prediction ranks:  [122, 1, 54, 4, 14, 98, 42, 34, 37, 166]
NDCG@1: 3.76158192263132e-37
NDCG@3: 0.43800426080455496
NDCG@5: 0.45098556625408837
NDCG@10: 0.4449652302251021
results:  {'ndcg_1_results': [3.76158192263132e-37, 3.76158192263132e-37, 6.310887241768095e-30, 3.76158192263132e-37, 6.310887241768095e-30, 6.310887241768095e-30, 1.0, 1.0, 3.76158192263132e-37], 'ndcg_3_results': [2.1905733682888097e-30, 0.43800426080455496, 0.043442237850199544, 0.43800426080455496, 0.043442237850199544, 0.08683100838340635, 0.7376090990645157, 0.7809978695977224, 0.43800426080455496], 'ndcg_5_results': [2.0905919229317345e-30, 0.4155020225153451, 0.3248342472196476, 0.45098556625408837, 0.3248342472196476, 0.3659938889223988, 0.7706509792953081, 0.7409081727058113, 0.45098556625408837], 'ndcg_10_results': [2.5021657271981114e-05, 0.4117885933343151, 0.3204979414140816, 0.44496560327229595, 0.32049794143583726, 0.36110857269791935, 0.7603633377104144, 0.7310175764065082, 0.4449652302251021]}
iteration 9:
prediction ranks:  [1, 54, 3, 14, 98, 42, 90, 37, 122, 166]
NDCG@1: 1.0
NDCG@3: 0.7809978695977224
NDCG@5: 0.7409081727058113
NDCG@10: 0.7310175763795707
results:  {'ndcg_1_results': [3.76158192263132e-37, 3.76158192263132e-37, 6.310887241768095e-30, 3.76158192263132e-37, 6.310887241768095e-30, 6.310887241768095e-30, 1.0, 1.0, 3.76158192263132e-37, 1.0], 'ndcg_3_results': [2.1905733682888097e-30, 0.43800426080455496, 0.043442237850199544, 0.43800426080455496, 0.043442237850199544, 0.08683100838340635, 0.7376090990645157, 0.7809978695977224, 0.43800426080455496, 0.7809978695977224], 'ndcg_5_results': [2.0905919229317345e-30, 0.4155020225153451, 0.3248342472196476, 0.45098556625408837, 0.3248342472196476, 0.3659938889223988, 0.7706509792953081, 0.7409081727058113, 0.45098556625408837, 0.7409081727058113], 'ndcg_10_results': [2.5021657271981114e-05, 0.4117885933343151, 0.3204979414140816, 0.44496560327229595, 0.32049794143583726, 0.36110857269791935, 0.7603633377104144, 0.7310175764065082, 0.4449652302251021, 0.7310175763795707]}
iteration 10:
prediction ranks:  [98, 14, 54, 20, 18, 56, 37, 122, 3, 102]
NDCG@1: 6.310887241768095e-30
NDCG@3: 5.346731699278206e-05
NDCG@5: 5.320505709088093e-05
NDCG@10: 0.0489520358549486
results:  {'ndcg_1_results': [3.76158192263132e-37, 3.76158192263132e-37, 6.310887241768095e-30, 3.76158192263132e-37, 6.310887241768095e-30, 6.310887241768095e-30, 1.0, 1.0, 3.76158192263132e-37, 1.0, 6.310887241768095e-30], 'ndcg_3_results': [2.1905733682888097e-30, 0.43800426080455496, 0.043442237850199544, 0.43800426080455496, 0.043442237850199544, 0.08683100838340635, 0.7376090990645157, 0.7809978695977224, 0.43800426080455496, 0.7809978695977224, 5.346731699278206e-05], 'ndcg_5_results': [2.0905919229317345e-30, 0.4155020225153451, 0.3248342472196476, 0.45098556625408837, 0.3248342472196476, 0.3659938889223988, 0.7706509792953081, 0.7409081727058113, 0.45098556625408837, 0.7409081727058113, 5.320505709088093e-05], 'ndcg_10_results': [2.5021657271981114e-05, 0.4117885933343151, 0.3204979414140816, 0.44496560327229595, 0.32049794143583726, 0.36110857269791935, 0.7603633377104144, 0.7310175764065082, 0.4449652302251021, 0.7310175763795707, 0.0489520358549486]}
iteration 11:
prediction ranks:  [122, 1, 54, 45, 14, 4, 37, 98, 42, 102]
NDCG@1: 3.76158192263132e-37
NDCG@3: 0.43800426080455496
NDCG@5: 0.41553258061395454
NDCG@10: 0.4389167996223435
results:  {'ndcg_1_results': [3.76158192263132e-37, 3.76158192263132e-37, 6.310887241768095e-30, 3.76158192263132e-37, 6.310887241768095e-30, 6.310887241768095e-30, 1.0, 1.0, 3.76158192263132e-37, 1.0, 6.310887241768095e-30, 3.76158192263132e-37], 'ndcg_3_results': [2.1905733682888097e-30, 0.43800426080455496, 0.043442237850199544, 0.43800426080455496, 0.043442237850199544, 0.08683100838340635, 0.7376090990645157, 0.7809978695977224, 0.43800426080455496, 0.7809978695977224, 5.346731699278206e-05, 0.43800426080455496], 'ndcg_5_results': [2.0905919229317345e-30, 0.4155020225153451, 0.3248342472196476, 0.45098556625408837, 0.3248342472196476, 0.3659938889223988, 0.7706509792953081, 0.7409081727058113, 0.45098556625408837, 0.7409081727058113, 5.320505709088093e-05, 0.41553258061395454], 'ndcg_10_results': [2.5021657271981114e-05, 0.4117885933343151, 0.3204979414140816, 0.44496560327229595, 0.32049794143583726, 0.36110857269791935, 0.7603633377104144, 0.7310175764065082, 0.4449652302251021, 0.7310175763795707, 0.0489520358549486, 0.4389167996223435]}
iteration 12:
prediction ranks:  [1, 54, 20, 45, 37, 14, 98, 22, 42, 102]
NDCG@1: 1.0
NDCG@3: 0.6942209905914061
NDCG@5: 0.6585548952940338
NDCG@10: 0.6497920075018173
results:  {'ndcg_1_results': [3.76158192263132e-37, 3.76158192263132e-37, 6.310887241768095e-30, 3.76158192263132e-37, 6.310887241768095e-30, 6.310887241768095e-30, 1.0, 1.0, 3.76158192263132e-37, 1.0, 6.310887241768095e-30, 3.76158192263132e-37, 1.0], 'ndcg_3_results': [2.1905733682888097e-30, 0.43800426080455496, 0.043442237850199544, 0.43800426080455496, 0.043442237850199544, 0.08683100838340635, 0.7376090990645157, 0.7809978695977224, 0.43800426080455496, 0.7809978695977224, 5.346731699278206e-05, 0.43800426080455496, 0.6942209905914061], 'ndcg_5_results': [2.0905919229317345e-30, 0.4155020225153451, 0.3248342472196476, 0.45098556625408837, 0.3248342472196476, 0.3659938889223988, 0.7706509792953081, 0.7409081727058113, 0.45098556625408837, 0.7409081727058113, 5.320505709088093e-05, 0.41553258061395454, 0.6585548952940338], 'ndcg_10_results': [2.5021657271981114e-05, 0.4117885933343151, 0.3204979414140816, 0.44496560327229595, 0.32049794143583726, 0.36110857269791935, 0.7603633377104144, 0.7310175764065082, 0.4449652302251021, 0.7310175763795707, 0.0489520358549486, 0.4389167996223435, 0.6497920075018173]}
iteration 13:
prediction ranks:  [98, 14, 4, 1, 54, 37, 122, 42, 34, 90]
NDCG@1: 6.310887241768095e-30
NDCG@3: 0.043442237850199544
NDCG@5: 0.3248342472196476
NDCG@10: 0.3204979414369455
results:  {'ndcg_1_results': [3.76158192263132e-37, 3.76158192263132e-37, 6.310887241768095e-30, 3.76158192263132e-37, 6.310887241768095e-30, 6.310887241768095e-30, 1.0, 1.0, 3.76158192263132e-37, 1.0, 6.310887241768095e-30, 3.76158192263132e-37, 1.0, 6.310887241768095e-30], 'ndcg_3_results': [2.1905733682888097e-30, 0.43800426080455496, 0.043442237850199544, 0.43800426080455496, 0.043442237850199544, 0.08683100838340635, 0.7376090990645157, 0.7809978695977224, 0.43800426080455496, 0.7809978695977224, 5.346731699278206e-05, 0.43800426080455496, 0.6942209905914061, 0.043442237850199544], 'ndcg_5_results': [2.0905919229317345e-30, 0.4155020225153451, 0.3248342472196476, 0.45098556625408837, 0.3248342472196476, 0.3659938889223988, 0.7706509792953081, 0.7409081727058113, 0.45098556625408837, 0.7409081727058113, 5.320505709088093e-05, 0.41553258061395454, 0.6585548952940338, 0.3248342472196476], 'ndcg_10_results': [2.5021657271981114e-05, 0.4117885933343151, 0.3204979414140816, 0.44496560327229595, 0.32049794143583726, 0.36110857269791935, 0.7603633377104144, 0.7310175764065082, 0.4449652302251021, 0.7310175763795707, 0.0489520358549486, 0.4389167996223435, 0.6497920075018173, 0.3204979414369455]}
iteration 14:
prediction ranks:  [122, 1, 54, 4, 3, 14, 98, 59, 166, 135]
NDCG@1: 3.76158192263132e-37
NDCG@3: 0.43800426080455496
NDCG@5: 0.51464535893576
NDCG@10: 0.5078034632009037
results:  {'ndcg_1_results': [3.76158192263132e-37, 3.76158192263132e-37, 6.310887241768095e-30, 3.76158192263132e-37, 6.310887241768095e-30, 6.310887241768095e-30, 1.0, 1.0, 3.76158192263132e-37, 1.0, 6.310887241768095e-30, 3.76158192263132e-37, 1.0, 6.310887241768095e-30, 3.76158192263132e-37], 'ndcg_3_results': [2.1905733682888097e-30, 0.43800426080455496, 0.043442237850199544, 0.43800426080455496, 0.043442237850199544, 0.08683100838340635, 0.7376090990645157, 0.7809978695977224, 0.43800426080455496, 0.7809978695977224, 5.346731699278206e-05, 0.43800426080455496, 0.6942209905914061, 0.043442237850199544, 0.43800426080455496], 'ndcg_5_results': [2.0905919229317345e-30, 0.4155020225153451, 0.3248342472196476, 0.45098556625408837, 0.3248342472196476, 0.3659938889223988, 0.7706509792953081, 0.7409081727058113, 0.45098556625408837, 0.7409081727058113, 5.320505709088093e-05, 0.41553258061395454, 0.6585548952940338, 0.3248342472196476, 0.51464535893576], 'ndcg_10_results': [2.5021657271981114e-05, 0.4117885933343151, 0.3204979414140816, 0.44496560327229595, 0.32049794143583726, 0.36110857269791935, 0.7603633377104144, 0.7310175764065082, 0.4449652302251021, 0.7310175763795707, 0.0489520358549486, 0.4389167996223435, 0.6497920075018173, 0.3204979414369455, 0.5078034632009037]}
iteration 15:
prediction ranks:  [122, 1, 54, 20, 4, 45, 98, 14, 102, 117]
NDCG@1: 3.76158192263132e-37
NDCG@3: 0.43800426080455496
NDCG@5: 0.44734746839028505
NDCG@10: 0.4414007200067067
results:  {'ndcg_1_results': [3.76158192263132e-37, 3.76158192263132e-37, 6.310887241768095e-30, 3.76158192263132e-37, 6.310887241768095e-30, 6.310887241768095e-30, 1.0, 1.0, 3.76158192263132e-37, 1.0, 6.310887241768095e-30, 3.76158192263132e-37, 1.0, 6.310887241768095e-30, 3.76158192263132e-37, 3.76158192263132e-37], 'ndcg_3_results': [2.1905733682888097e-30, 0.43800426080455496, 0.043442237850199544, 0.43800426080455496, 0.043442237850199544, 0.08683100838340635, 0.7376090990645157, 0.7809978695977224, 0.43800426080455496, 0.7809978695977224, 5.346731699278206e-05, 0.43800426080455496, 0.6942209905914061, 0.043442237850199544, 0.43800426080455496, 0.43800426080455496], 'ndcg_5_results': [2.0905919229317345e-30, 0.4155020225153451, 0.3248342472196476, 0.45098556625408837, 0.3248342472196476, 0.3659938889223988, 0.7706509792953081, 0.7409081727058113, 0.45098556625408837, 0.7409081727058113, 5.320505709088093e-05, 0.41553258061395454, 0.6585548952940338, 0.3248342472196476, 0.51464535893576, 0.44734746839028505], 'ndcg_10_results': [2.5021657271981114e-05, 0.4117885933343151, 0.3204979414140816, 0.44496560327229595, 0.32049794143583726, 0.36110857269791935, 0.7603633377104144, 0.7310175764065082, 0.4449652302251021, 0.7310175763795707, 0.0489520358549486, 0.4389167996223435, 0.6497920075018173, 0.3204979414369455, 0.5078034632009037, 0.4414007200067067]}
iteration 16:
prediction ranks:  [122, 1, 54, 14, 4, 98, 42, 102, 37, 45]
NDCG@1: 3.76158192263132e-37
NDCG@3: 0.43800426080455496
NDCG@5: 0.44738154947694475
NDCG@10: 0.4414093244808071
results:  {'ndcg_1_results': [3.76158192263132e-37, 3.76158192263132e-37, 6.310887241768095e-30, 3.76158192263132e-37, 6.310887241768095e-30, 6.310887241768095e-30, 1.0, 1.0, 3.76158192263132e-37, 1.0, 6.310887241768095e-30, 3.76158192263132e-37, 1.0, 6.310887241768095e-30, 3.76158192263132e-37, 3.76158192263132e-37, 3.76158192263132e-37], 'ndcg_3_results': [2.1905733682888097e-30, 0.43800426080455496, 0.043442237850199544, 0.43800426080455496, 0.043442237850199544, 0.08683100838340635, 0.7376090990645157, 0.7809978695977224, 0.43800426080455496, 0.7809978695977224, 5.346731699278206e-05, 0.43800426080455496, 0.6942209905914061, 0.043442237850199544, 0.43800426080455496, 0.43800426080455496, 0.43800426080455496], 'ndcg_5_results': [2.0905919229317345e-30, 0.4155020225153451, 0.3248342472196476, 0.45098556625408837, 0.3248342472196476, 0.3659938889223988, 0.7706509792953081, 0.7409081727058113, 0.45098556625408837, 0.7409081727058113, 5.320505709088093e-05, 0.41553258061395454, 0.6585548952940338, 0.3248342472196476, 0.51464535893576, 0.44734746839028505, 0.44738154947694475], 'ndcg_10_results': [2.5021657271981114e-05, 0.4117885933343151, 0.3204979414140816, 0.44496560327229595, 0.32049794143583726, 0.36110857269791935, 0.7603633377104144, 0.7310175764065082, 0.4449652302251021, 0.7310175763795707, 0.0489520358549486, 0.4389167996223435, 0.6497920075018173, 0.3204979414369455, 0.5078034632009037, 0.4414007200067067, 0.4414093244808071]}
iteration 17:
prediction ranks:  [1, 54, 14, 122, 20, 45, 117, 40, 90, 166]
NDCG@1: 1.0
NDCG@3: 0.6942627003775327
NDCG@5: 0.6585949481295613
NDCG@10: 0.6498031747139572
results:  {'ndcg_1_results': [3.76158192263132e-37, 3.76158192263132e-37, 6.310887241768095e-30, 3.76158192263132e-37, 6.310887241768095e-30, 6.310887241768095e-30, 1.0, 1.0, 3.76158192263132e-37, 1.0, 6.310887241768095e-30, 3.76158192263132e-37, 1.0, 6.310887241768095e-30, 3.76158192263132e-37, 3.76158192263132e-37, 3.76158192263132e-37, 1.0], 'ndcg_3_results': [2.1905733682888097e-30, 0.43800426080455496, 0.043442237850199544, 0.43800426080455496, 0.043442237850199544, 0.08683100838340635, 0.7376090990645157, 0.7809978695977224, 0.43800426080455496, 0.7809978695977224, 5.346731699278206e-05, 0.43800426080455496, 0.6942209905914061, 0.043442237850199544, 0.43800426080455496, 0.43800426080455496, 0.43800426080455496, 0.6942627003775327], 'ndcg_5_results': [2.0905919229317345e-30, 0.4155020225153451, 0.3248342472196476, 0.45098556625408837, 0.3248342472196476, 0.3659938889223988, 0.7706509792953081, 0.7409081727058113, 0.45098556625408837, 0.7409081727058113, 5.320505709088093e-05, 0.41553258061395454, 0.6585548952940338, 0.3248342472196476, 0.51464535893576, 0.44734746839028505, 0.44738154947694475, 0.6585949481295613], 'ndcg_10_results': [2.5021657271981114e-05, 0.4117885933343151, 0.3204979414140816, 0.44496560327229595, 0.32049794143583726, 0.36110857269791935, 0.7603633377104144, 0.7310175764065082, 0.4449652302251021, 0.7310175763795707, 0.0489520358549486, 0.4389167996223435, 0.6497920075018173, 0.3204979414369455, 0.5078034632009037, 0.4414007200067067, 0.4414093244808071, 0.6498031747139572]}
iteration 18:
prediction ranks:  [98, 1, 54, 14, 4, 122, 20, 45, 117, 90]
NDCG@1: 6.310887241768095e-30
NDCG@3: 0.43800426080455496
NDCG@5: 0.44738154947694475
NDCG@10: 0.4414097375860766
results:  {'ndcg_1_results': [3.76158192263132e-37, 3.76158192263132e-37, 6.310887241768095e-30, 3.76158192263132e-37, 6.310887241768095e-30, 6.310887241768095e-30, 1.0, 1.0, 3.76158192263132e-37, 1.0, 6.310887241768095e-30, 3.76158192263132e-37, 1.0, 6.310887241768095e-30, 3.76158192263132e-37, 3.76158192263132e-37, 3.76158192263132e-37, 1.0, 6.310887241768095e-30], 'ndcg_3_results': [2.1905733682888097e-30, 0.43800426080455496, 0.043442237850199544, 0.43800426080455496, 0.043442237850199544, 0.08683100838340635, 0.7376090990645157, 0.7809978695977224, 0.43800426080455496, 0.7809978695977224, 5.346731699278206e-05, 0.43800426080455496, 0.6942209905914061, 0.043442237850199544, 0.43800426080455496, 0.43800426080455496, 0.43800426080455496, 0.6942627003775327, 0.43800426080455496], 'ndcg_5_results': [2.0905919229317345e-30, 0.4155020225153451, 0.3248342472196476, 0.45098556625408837, 0.3248342472196476, 0.3659938889223988, 0.7706509792953081, 0.7409081727058113, 0.45098556625408837, 0.7409081727058113, 5.320505709088093e-05, 0.41553258061395454, 0.6585548952940338, 0.3248342472196476, 0.51464535893576, 0.44734746839028505, 0.44738154947694475, 0.6585949481295613, 0.44738154947694475], 'ndcg_10_results': [2.5021657271981114e-05, 0.4117885933343151, 0.3204979414140816, 0.44496560327229595, 0.32049794143583726, 0.36110857269791935, 0.7603633377104144, 0.7310175764065082, 0.4449652302251021, 0.7310175763795707, 0.0489520358549486, 0.4389167996223435, 0.6497920075018173, 0.3204979414369455, 0.5078034632009037, 0.4414007200067067, 0.4414093244808071, 0.6498031747139572, 0.4414097375860766]}
iteration 19:
prediction ranks:  [122, 1, 54, 4, 14, 98, 42, 37, 166, 97]
NDCG@1: 3.76158192263132e-37
NDCG@3: 0.43800426080455496
NDCG@5: 0.45098556625408837
NDCG@10: 0.44496523020137607
results:  {'ndcg_1_results': [3.76158192263132e-37, 3.76158192263132e-37, 6.310887241768095e-30, 3.76158192263132e-37, 6.310887241768095e-30, 6.310887241768095e-30, 1.0, 1.0, 3.76158192263132e-37, 1.0, 6.310887241768095e-30, 3.76158192263132e-37, 1.0, 6.310887241768095e-30, 3.76158192263132e-37, 3.76158192263132e-37, 3.76158192263132e-37, 1.0, 6.310887241768095e-30, 3.76158192263132e-37], 'ndcg_3_results': [2.1905733682888097e-30, 0.43800426080455496, 0.043442237850199544, 0.43800426080455496, 0.043442237850199544, 0.08683100838340635, 0.7376090990645157, 0.7809978695977224, 0.43800426080455496, 0.7809978695977224, 5.346731699278206e-05, 0.43800426080455496, 0.6942209905914061, 0.043442237850199544, 0.43800426080455496, 0.43800426080455496, 0.43800426080455496, 0.6942627003775327, 0.43800426080455496, 0.43800426080455496], 'ndcg_5_results': [2.0905919229317345e-30, 0.4155020225153451, 0.3248342472196476, 0.45098556625408837, 0.3248342472196476, 0.3659938889223988, 0.7706509792953081, 0.7409081727058113, 0.45098556625408837, 0.7409081727058113, 5.320505709088093e-05, 0.41553258061395454, 0.6585548952940338, 0.3248342472196476, 0.51464535893576, 0.44734746839028505, 0.44738154947694475, 0.6585949481295613, 0.44738154947694475, 0.45098556625408837], 'ndcg_10_results': [2.5021657271981114e-05, 0.4117885933343151, 0.3204979414140816, 0.44496560327229595, 0.32049794143583726, 0.36110857269791935, 0.7603633377104144, 0.7310175764065082, 0.4449652302251021, 0.7310175763795707, 0.0489520358549486, 0.4389167996223435, 0.6497920075018173, 0.3204979414369455, 0.5078034632009037, 0.4414007200067067, 0.4414093244808071, 0.6498031747139572, 0.4414097375860766, 0.44496523020137607]}
iteration 20:
prediction ranks:  [4, 1, 20, 54, 14, 98, 42, 8, 122, 166]
NDCG@1: 0.125
NDCG@3: 0.5247824639310659
NDCG@5: 0.49785249206573146
NDCG@10: 0.4928079020009023
results:  {'ndcg_1_results': [3.76158192263132e-37, 3.76158192263132e-37, 6.310887241768095e-30, 3.76158192263132e-37, 6.310887241768095e-30, 6.310887241768095e-30, 1.0, 1.0, 3.76158192263132e-37, 1.0, 6.310887241768095e-30, 3.76158192263132e-37, 1.0, 6.310887241768095e-30, 3.76158192263132e-37, 3.76158192263132e-37, 3.76158192263132e-37, 1.0, 6.310887241768095e-30, 3.76158192263132e-37, 0.125], 'ndcg_3_results': [2.1905733682888097e-30, 0.43800426080455496, 0.043442237850199544, 0.43800426080455496, 0.043442237850199544, 0.08683100838340635, 0.7376090990645157, 0.7809978695977224, 0.43800426080455496, 0.7809978695977224, 5.346731699278206e-05, 0.43800426080455496, 0.6942209905914061, 0.043442237850199544, 0.43800426080455496, 0.43800426080455496, 0.43800426080455496, 0.6942627003775327, 0.43800426080455496, 0.43800426080455496, 0.5247824639310659], 'ndcg_5_results': [2.0905919229317345e-30, 0.4155020225153451, 0.3248342472196476, 0.45098556625408837, 0.3248342472196476, 0.3659938889223988, 0.7706509792953081, 0.7409081727058113, 0.45098556625408837, 0.7409081727058113, 5.320505709088093e-05, 0.41553258061395454, 0.6585548952940338, 0.3248342472196476, 0.51464535893576, 0.44734746839028505, 0.44738154947694475, 0.6585949481295613, 0.44738154947694475, 0.45098556625408837, 0.49785249206573146], 'ndcg_10_results': [2.5021657271981114e-05, 0.4117885933343151, 0.3204979414140816, 0.44496560327229595, 0.32049794143583726, 0.36110857269791935, 0.7603633377104144, 0.7310175764065082, 0.4449652302251021, 0.7310175763795707, 0.0489520358549486, 0.4389167996223435, 0.6497920075018173, 0.3204979414369455, 0.5078034632009037, 0.4414007200067067, 0.4414093244808071, 0.6498031747139572, 0.4414097375860766, 0.44496523020137607, 0.4928079020009023]}
iteration 21:
prediction ranks:  [98, 14, 4, 1, 54, 37, 8, 42, 90, 122]
NDCG@1: 6.310887241768095e-30
NDCG@3: 0.043442237850199544
NDCG@5: 0.3248342472196476
NDCG@10: 0.32219003265607293
results:  {'ndcg_1_results': [3.76158192263132e-37, 3.76158192263132e-37, 6.310887241768095e-30, 3.76158192263132e-37, 6.310887241768095e-30, 6.310887241768095e-30, 1.0, 1.0, 3.76158192263132e-37, 1.0, 6.310887241768095e-30, 3.76158192263132e-37, 1.0, 6.310887241768095e-30, 3.76158192263132e-37, 3.76158192263132e-37, 3.76158192263132e-37, 1.0, 6.310887241768095e-30, 3.76158192263132e-37, 0.125, 6.310887241768095e-30], 'ndcg_3_results': [2.1905733682888097e-30, 0.43800426080455496, 0.043442237850199544, 0.43800426080455496, 0.043442237850199544, 0.08683100838340635, 0.7376090990645157, 0.7809978695977224, 0.43800426080455496, 0.7809978695977224, 5.346731699278206e-05, 0.43800426080455496, 0.6942209905914061, 0.043442237850199544, 0.43800426080455496, 0.43800426080455496, 0.43800426080455496, 0.6942627003775327, 0.43800426080455496, 0.43800426080455496, 0.5247824639310659, 0.043442237850199544], 'ndcg_5_results': [2.0905919229317345e-30, 0.4155020225153451, 0.3248342472196476, 0.45098556625408837, 0.3248342472196476, 0.3659938889223988, 0.7706509792953081, 0.7409081727058113, 0.45098556625408837, 0.7409081727058113, 5.320505709088093e-05, 0.41553258061395454, 0.6585548952940338, 0.3248342472196476, 0.51464535893576, 0.44734746839028505, 0.44738154947694475, 0.6585949481295613, 0.44738154947694475, 0.45098556625408837, 0.49785249206573146, 0.3248342472196476], 'ndcg_10_results': [2.5021657271981114e-05, 0.4117885933343151, 0.3204979414140816, 0.44496560327229595, 0.32049794143583726, 0.36110857269791935, 0.7603633377104144, 0.7310175764065082, 0.4449652302251021, 0.7310175763795707, 0.0489520358549486, 0.4389167996223435, 0.6497920075018173, 0.3204979414369455, 0.5078034632009037, 0.4414007200067067, 0.4414093244808071, 0.6498031747139572, 0.4414097375860766, 0.44496523020137607, 0.4928079020009023, 0.32219003265607293]}
iteration 22:
prediction ranks:  [122, 1, 54, 4, 14, 42, 98, 20, 45, 37]
NDCG@1: 3.76158192263132e-37
NDCG@3: 0.43800426080455496
NDCG@5: 0.45098556625408837
NDCG@10: 0.44496562116453914
results:  {'ndcg_1_results': [3.76158192263132e-37, 3.76158192263132e-37, 6.310887241768095e-30, 3.76158192263132e-37, 6.310887241768095e-30, 6.310887241768095e-30, 1.0, 1.0, 3.76158192263132e-37, 1.0, 6.310887241768095e-30, 3.76158192263132e-37, 1.0, 6.310887241768095e-30, 3.76158192263132e-37, 3.76158192263132e-37, 3.76158192263132e-37, 1.0, 6.310887241768095e-30, 3.76158192263132e-37, 0.125, 6.310887241768095e-30, 3.76158192263132e-37], 'ndcg_3_results': [2.1905733682888097e-30, 0.43800426080455496, 0.043442237850199544, 0.43800426080455496, 0.043442237850199544, 0.08683100838340635, 0.7376090990645157, 0.7809978695977224, 0.43800426080455496, 0.7809978695977224, 5.346731699278206e-05, 0.43800426080455496, 0.6942209905914061, 0.043442237850199544, 0.43800426080455496, 0.43800426080455496, 0.43800426080455496, 0.6942627003775327, 0.43800426080455496, 0.43800426080455496, 0.5247824639310659, 0.043442237850199544, 0.43800426080455496], 'ndcg_5_results': [2.0905919229317345e-30, 0.4155020225153451, 0.3248342472196476, 0.45098556625408837, 0.3248342472196476, 0.3659938889223988, 0.7706509792953081, 0.7409081727058113, 0.45098556625408837, 0.7409081727058113, 5.320505709088093e-05, 0.41553258061395454, 0.6585548952940338, 0.3248342472196476, 0.51464535893576, 0.44734746839028505, 0.44738154947694475, 0.6585949481295613, 0.44738154947694475, 0.45098556625408837, 0.49785249206573146, 0.3248342472196476, 0.45098556625408837], 'ndcg_10_results': [2.5021657271981114e-05, 0.4117885933343151, 0.3204979414140816, 0.44496560327229595, 0.32049794143583726, 0.36110857269791935, 0.7603633377104144, 0.7310175764065082, 0.4449652302251021, 0.7310175763795707, 0.0489520358549486, 0.4389167996223435, 0.6497920075018173, 0.3204979414369455, 0.5078034632009037, 0.4414007200067067, 0.4414093244808071, 0.6498031747139572, 0.4414097375860766, 0.44496523020137607, 0.4928079020009023, 0.32219003265607293, 0.44496562116453914]}
iteration 23:
prediction ranks:  [1, 54, 14, 122, 20, 8, 34, 42, 106, 98]
NDCG@1: 1.0
NDCG@3: 0.6942627003775327
NDCG@5: 0.6585949481295613
NDCG@10: 0.6516113799236986
results:  {'ndcg_1_results': [3.76158192263132e-37, 3.76158192263132e-37, 6.310887241768095e-30, 3.76158192263132e-37, 6.310887241768095e-30, 6.310887241768095e-30, 1.0, 1.0, 3.76158192263132e-37, 1.0, 6.310887241768095e-30, 3.76158192263132e-37, 1.0, 6.310887241768095e-30, 3.76158192263132e-37, 3.76158192263132e-37, 3.76158192263132e-37, 1.0, 6.310887241768095e-30, 3.76158192263132e-37, 0.125, 6.310887241768095e-30, 3.76158192263132e-37, 1.0], 'ndcg_3_results': [2.1905733682888097e-30, 0.43800426080455496, 0.043442237850199544, 0.43800426080455496, 0.043442237850199544, 0.08683100838340635, 0.7376090990645157, 0.7809978695977224, 0.43800426080455496, 0.7809978695977224, 5.346731699278206e-05, 0.43800426080455496, 0.6942209905914061, 0.043442237850199544, 0.43800426080455496, 0.43800426080455496, 0.43800426080455496, 0.6942627003775327, 0.43800426080455496, 0.43800426080455496, 0.5247824639310659, 0.043442237850199544, 0.43800426080455496, 0.6942627003775327], 'ndcg_5_results': [2.0905919229317345e-30, 0.4155020225153451, 0.3248342472196476, 0.45098556625408837, 0.3248342472196476, 0.3659938889223988, 0.7706509792953081, 0.7409081727058113, 0.45098556625408837, 0.7409081727058113, 5.320505709088093e-05, 0.41553258061395454, 0.6585548952940338, 0.3248342472196476, 0.51464535893576, 0.44734746839028505, 0.44738154947694475, 0.6585949481295613, 0.44738154947694475, 0.45098556625408837, 0.49785249206573146, 0.3248342472196476, 0.45098556625408837, 0.6585949481295613], 'ndcg_10_results': [2.5021657271981114e-05, 0.4117885933343151, 0.3204979414140816, 0.44496560327229595, 0.32049794143583726, 0.36110857269791935, 0.7603633377104144, 0.7310175764065082, 0.4449652302251021, 0.7310175763795707, 0.0489520358549486, 0.4389167996223435, 0.6497920075018173, 0.3204979414369455, 0.5078034632009037, 0.4414007200067067, 0.4414093244808071, 0.6498031747139572, 0.4414097375860766, 0.44496523020137607, 0.4928079020009023, 0.32219003265607293, 0.44496562116453914, 0.6516113799236986]}
iteration 24:
prediction ranks:  [122, 1, 54, 4, 14, 98, 42, 37, 45, 166]
NDCG@1: 3.76158192263132e-37
NDCG@3: 0.43800426080455496
NDCG@5: 0.45098556625408837
NDCG@10: 0.4449652302013872
results:  {'ndcg_1_results': [3.76158192263132e-37, 3.76158192263132e-37, 6.310887241768095e-30, 3.76158192263132e-37, 6.310887241768095e-30, 6.310887241768095e-30, 1.0, 1.0, 3.76158192263132e-37, 1.0, 6.310887241768095e-30, 3.76158192263132e-37, 1.0, 6.310887241768095e-30, 3.76158192263132e-37, 3.76158192263132e-37, 3.76158192263132e-37, 1.0, 6.310887241768095e-30, 3.76158192263132e-37, 0.125, 6.310887241768095e-30, 3.76158192263132e-37, 1.0, 3.76158192263132e-37], 'ndcg_3_results': [2.1905733682888097e-30, 0.43800426080455496, 0.043442237850199544, 0.43800426080455496, 0.043442237850199544, 0.08683100838340635, 0.7376090990645157, 0.7809978695977224, 0.43800426080455496, 0.7809978695977224, 5.346731699278206e-05, 0.43800426080455496, 0.6942209905914061, 0.043442237850199544, 0.43800426080455496, 0.43800426080455496, 0.43800426080455496, 0.6942627003775327, 0.43800426080455496, 0.43800426080455496, 0.5247824639310659, 0.043442237850199544, 0.43800426080455496, 0.6942627003775327, 0.43800426080455496], 'ndcg_5_results': [2.0905919229317345e-30, 0.4155020225153451, 0.3248342472196476, 0.45098556625408837, 0.3248342472196476, 0.3659938889223988, 0.7706509792953081, 0.7409081727058113, 0.45098556625408837, 0.7409081727058113, 5.320505709088093e-05, 0.41553258061395454, 0.6585548952940338, 0.3248342472196476, 0.51464535893576, 0.44734746839028505, 0.44738154947694475, 0.6585949481295613, 0.44738154947694475, 0.45098556625408837, 0.49785249206573146, 0.3248342472196476, 0.45098556625408837, 0.6585949481295613, 0.45098556625408837], 'ndcg_10_results': [2.5021657271981114e-05, 0.4117885933343151, 0.3204979414140816, 0.44496560327229595, 0.32049794143583726, 0.36110857269791935, 0.7603633377104144, 0.7310175764065082, 0.4449652302251021, 0.7310175763795707, 0.0489520358549486, 0.4389167996223435, 0.6497920075018173, 0.3204979414369455, 0.5078034632009037, 0.4414007200067067, 0.4414093244808071, 0.6498031747139572, 0.4414097375860766, 0.44496523020137607, 0.4928079020009023, 0.32219003265607293, 0.44496562116453914, 0.6516113799236986, 0.4449652302013872]}
iteration 25:
prediction ranks:  [122, 1, 54, 20, 14, 4, 45, 98, 90, 102]
NDCG@1: 3.76158192263132e-37
NDCG@3: 0.43800426080455496
NDCG@5: 0.41553312158356787
NDCG@10: 0.4389173333671694
results:  {'ndcg_1_results': [3.76158192263132e-37, 3.76158192263132e-37, 6.310887241768095e-30, 3.76158192263132e-37, 6.310887241768095e-30, 6.310887241768095e-30, 1.0, 1.0, 3.76158192263132e-37, 1.0, 6.310887241768095e-30, 3.76158192263132e-37, 1.0, 6.310887241768095e-30, 3.76158192263132e-37, 3.76158192263132e-37, 3.76158192263132e-37, 1.0, 6.310887241768095e-30, 3.76158192263132e-37, 0.125, 6.310887241768095e-30, 3.76158192263132e-37, 1.0, 3.76158192263132e-37, 3.76158192263132e-37], 'ndcg_3_results': [2.1905733682888097e-30, 0.43800426080455496, 0.043442237850199544, 0.43800426080455496, 0.043442237850199544, 0.08683100838340635, 0.7376090990645157, 0.7809978695977224, 0.43800426080455496, 0.7809978695977224, 5.346731699278206e-05, 0.43800426080455496, 0.6942209905914061, 0.043442237850199544, 0.43800426080455496, 0.43800426080455496, 0.43800426080455496, 0.6942627003775327, 0.43800426080455496, 0.43800426080455496, 0.5247824639310659, 0.043442237850199544, 0.43800426080455496, 0.6942627003775327, 0.43800426080455496, 0.43800426080455496], 'ndcg_5_results': [2.0905919229317345e-30, 0.4155020225153451, 0.3248342472196476, 0.45098556625408837, 0.3248342472196476, 0.3659938889223988, 0.7706509792953081, 0.7409081727058113, 0.45098556625408837, 0.7409081727058113, 5.320505709088093e-05, 0.41553258061395454, 0.6585548952940338, 0.3248342472196476, 0.51464535893576, 0.44734746839028505, 0.44738154947694475, 0.6585949481295613, 0.44738154947694475, 0.45098556625408837, 0.49785249206573146, 0.3248342472196476, 0.45098556625408837, 0.6585949481295613, 0.45098556625408837, 0.41553312158356787], 'ndcg_10_results': [2.5021657271981114e-05, 0.4117885933343151, 0.3204979414140816, 0.44496560327229595, 0.32049794143583726, 0.36110857269791935, 0.7603633377104144, 0.7310175764065082, 0.4449652302251021, 0.7310175763795707, 0.0489520358549486, 0.4389167996223435, 0.6497920075018173, 0.3204979414369455, 0.5078034632009037, 0.4414007200067067, 0.4414093244808071, 0.6498031747139572, 0.4414097375860766, 0.44496523020137607, 0.4928079020009023, 0.32219003265607293, 0.44496562116453914, 0.6516113799236986, 0.4449652302013872, 0.4389173333671694]}
key ndcg_1_results
key ndcg_3_results
key ndcg_5_results
key ndcg_10_results
